7.05426 9.10852 9.81256 10.1157 10.2859 10.4066 10.5065 10.5967 10.682 10.7646 10.8456 10.9256 11.0049 11.0839 11.1625 11.241 11.3193 11.3976 11.4757 11.5538 11.6319 11.71 11.788 11.866 11.944 12.022 12.1 12.178 12.256 12.3341 12.4121 12.4901 12.5682 12.6463 12.7244 12.8025 12.8806 12.9587 13.0369 13.115 13.1932 13.2714 13.3496 13.4279 13.5061 13.5844 13.6627 13.741 13.8194 13.8978 13.9761 14.0546 14.133 14.2114 14.2899 14.3684 14.4469 14.5255 14.604 14.6826 14.7613 14.8399 14.9185 14.9972 15.0759 15.1547 15.2334 15.3122 15.391 15.4698 15.5487 15.6275 15.7064 15.7853 15.8642 15.9432 16.0222 16.1012 16.1802 16.2592 16.3383 16.4173 16.4964 16.5755 16.6547 16.7338 16.813 16.8922 16.9714 17.0506 17.1298 17.209 17.2883 17.3675 17.4468 17.526 17.6053 17.6846 17.7638 17.8431 17.9224 18.0016 18.0809 18.1601 18.2392 18.3184 18.3975 18.4765 18.5554 18.6343 18.7129 18.7914 18.8697 18.9476 19.025 19.1018 19.1777 19.2522 19.3245 19.3935 19.4568 19.5098 19.5428 19.5333 19.4231 19.044 17.8565 13.9521 
9.10852 9.48853 9.86854 10.1281 10.3065 10.4403 10.5503 10.6473 10.7369 10.8221 10.9047 10.9856 11.0654 11.1444 11.2229 11.3011 11.379 11.4567 11.5342 11.6117 11.6891 11.7664 11.8437 11.921 11.9983 12.0755 12.1528 12.2301 12.3074 12.3847 12.462 12.5394 12.6167 12.6942 12.7716 12.849 12.9265 13.0041 13.0816 13.1592 13.2368 13.3145 13.3922 13.47 13.5477 13.6256 13.7034 13.7813 13.8593 13.9373 14.0153 14.0934 14.1715 14.2497 14.3279 14.4061 14.4844 14.5628 14.6412 14.7196 14.7981 14.8767 14.9552 15.0339 15.1125 15.1912 15.27 15.3488 15.4277 15.5066 15.5855 15.6645 15.7435 15.8226 15.9017 15.9809 16.0601 16.1394 16.2186 16.298 16.3773 16.4568 16.5362 16.6157 16.6952 16.7748 16.8543 16.934 17.0136 17.0933 17.173 17.2527 17.3324 17.4122 17.492 17.5718 17.6516 17.7314 17.8112 17.891 17.9708 18.0505 18.1303 18.21 18.2896 18.3691 18.4486 18.5279 18.607 18.686 18.7647 18.843 18.9208 18.998 19.0743 19.1495 19.2229 19.2939 19.3612 19.4227 19.4751 19.512 19.5218 19.4824 19.3513 19.054 18.5087 17.9517 
9.81256 9.86854 10.045 10.2215 10.3717 10.4979 10.6071 10.7051 10.796 10.8823 10.9656 11.0468 11.1266 11.2055 11.2837 11.3614 11.4388 11.5159 11.5928 11.6696 11.7463 11.8229 11.8995 11.9761 12.0526 12.1291 12.2057 12.2822 12.3588 12.4354 12.512 12.5886 12.6653 12.7421 12.8188 12.8957 12.9725 13.0494 13.1264 13.2034 13.2805 13.3576 13.4348 13.5121 13.5894 13.6667 13.7442 13.8217 13.8992 13.9768 14.0545 14.1323 14.2101 14.288 14.3659 14.4439 14.522 14.6002 14.6784 14.7567 14.835 14.9135 14.992 15.0705 15.1492 15.2279 15.3066 15.3855 15.4644 15.5434 15.6224 15.7015 15.7807 15.86 15.9393 16.0187 16.0981 16.1776 16.2572 16.3368 16.4165 16.4962 16.576 16.6559 16.7358 16.8157 16.8957 16.9758 17.0559 17.136 17.2162 17.2964 17.3767 17.457 17.5373 17.6176 17.6979 17.7783 17.8586 17.939 18.0193 18.0995 18.1798 18.26 18.34 18.42 18.4999 18.5795 18.6589 18.738 18.8168 18.895 18.9726 19.0493 19.1249 19.1988 19.2706 19.3393 19.4035 19.4611 19.5088 19.5412 19.5501 19.5233 19.4457 19.3118 19.1726 19.2675 
10.1157 10.1281 10.2215 10.3412 10.461 10.5725 10.675 10.7702 10.8599 10.9456 11.0285 11.1094 11.1889 11.2673 11.345 11.4222 11.499 11.5754 11.6517 11.7277 11.8037 11.8796 11.9554 12.0312 12.107 12.1828 12.2586 12.3344 12.4102 12.4861 12.562 12.638 12.714 12.79 12.8662 12.9423 13.0186 13.0949 13.1713 13.2477 13.3242 13.4008 13.4775 13.5543 13.6311 13.708 13.785 13.8621 13.9392 14.0165 14.0938 14.1712 14.2487 14.3263 14.404 14.4818 14.5596 14.6376 14.7156 14.7938 14.872 14.9503 15.0288 15.1073 15.1859 15.2646 15.3434 15.4222 15.5012 15.5803 15.6594 15.7387 15.818 15.8974 15.9769 16.0565 16.1362 16.2159 16.2958 16.3757 16.4557 16.5358 16.6159 16.6961 16.7764 16.8568 16.9372 17.0177 17.0983 17.1789 17.2596 17.3403 17.421 17.5018 17.5826 17.6635 17.7444 17.8253 17.9061 17.987 18.0679 18.1487 18.2294 18.3101 18.3907 18.4711 18.5514 18.6314 18.7112 18.7906 18.8695 18.9478 19.0253 19.1018 19.177 19.2504 19.3215 19.3892 19.4525 19.5095 19.5578 19.5941 19.6143 19.6148 19.5964 19.575 19.6025 19.788 
10.2859 10.3065 10.3717 10.461 10.5585 10.656 10.7504 10.8408 10.9277 11.0118 11.0935 11.1735 11.2522 11.33 11.407 11.4834 11.5595 11.6352 11.7107 11.786 11.8613 11.9364 12.0115 12.0865 12.1615 12.2365 12.3116 12.3867 12.4618 12.5369 12.6121 12.6874 12.7627 12.8381 12.9136 12.9891 13.0647 13.1404 13.2162 13.2921 13.3681 13.4441 13.5203 13.5965 13.6729 13.7493 13.8259 13.9025 13.9793 14.0562 14.1332 14.2102 14.2874 14.3648 14.4422 14.5197 14.5974 14.6751 14.753 14.831 14.9091 14.9873 15.0657 15.1441 15.2227 15.3014 15.3802 15.4591 15.5381 15.6173 15.6965 15.7759 15.8553 15.9349 16.0146 16.0944 16.1743 16.2543 16.3345 16.4147 16.495 16.5754 16.6559 16.7365 16.8172 16.898 16.9788 17.0597 17.1408 17.2218 17.303 17.3842 17.4655 17.5468 17.6281 17.7095 17.7909 17.8724 17.9538 18.0352 18.1166 18.198 18.2793 18.3605 18.4416 18.5225 18.6033 18.6837 18.7639 18.8436 18.9228 19.0014 19.0791 19.1558 19.231 19.3045 19.3756 19.4437 19.5078 19.5667 19.6189 19.663 19.6981 19.7251 19.7502 19.7895 19.8742 20.0458 
10.4066 10.4403 10.4979 10.5725 10.656 10.7428 10.8297 10.915 10.9986 11.0802 11.1603 11.239 11.3166 11.3934 11.4696 11.5452 11.6204 11.6953 11.7701 11.8446 11.919 11.9934 12.0677 12.1419 12.2162 12.2904 12.3647 12.4391 12.5134 12.5879 12.6623 12.7369 12.8115 12.8863 12.9611 13.036 13.111 13.1861 13.2613 13.3366 13.412 13.4875 13.5631 13.6389 13.7148 13.7908 13.8669 13.9431 14.0195 14.096 14.1726 14.2494 14.3263 14.4033 14.4805 14.5578 14.6352 14.7128 14.7905 14.8683 14.9463 15.0244 15.1027 15.1811 15.2596 15.3383 15.4171 15.4961 15.5751 15.6544 15.7337 15.8132 15.8928 15.9726 16.0525 16.1325 16.2126 16.2929 16.3733 16.4538 16.5344 16.6152 16.696 16.777 16.8581 16.9392 17.0205 17.1019 17.1834 17.2649 17.3465 17.4283 17.51 17.5919 17.6738 17.7557 17.8377 17.9197 18.0017 18.0836 18.1656 18.2475 18.3294 18.4112 18.4928 18.5742 18.6555 18.7365 18.8171 18.8973 18.977 19.056 19.1341 19.2112 19.2869 19.361 19.4329 19.5022 19.5683 19.6305 19.6881 19.7411 19.7899 19.8375 19.8898 19.9584 20.0592 20.2061 
10.5065 10.5503 10.6071 10.675 10.7504 10.8297 10.9104 10.9912 11.0713 11.1504 11.2285 11.3056 11.3819 11.4576 11.5327 11.6074 11.6818 11.7558 11.8297 11.9034 11.977 12.0505 12.124 12.1975 12.271 12.3445 12.418 12.4916 12.5652 12.6389 12.7127 12.7866 12.8605 12.9346 13.0087 13.083 13.1573 13.2318 13.3064 13.3812 13.456 13.531 13.6062 13.6814 13.7568 13.8324 13.908 13.9839 14.0599 14.136 14.2123 14.2887 14.3653 14.442 14.5189 14.596 14.6732 14.7506 14.8281 14.9058 14.9837 15.0617 15.1399 15.2182 15.2967 15.3754 15.4542 15.5332 15.6123 15.6916 15.7711 15.8507 15.9305 16.0104 16.0905 16.1707 16.2511 16.3316 16.4122 16.493 16.574 16.6551 16.7363 16.8176 16.8991 16.9807 17.0624 17.1442 17.2261 17.3081 17.3903 17.4725 17.5548 17.6371 17.7196 17.802 17.8846 17.9671 18.0497 18.1323 18.2148 18.2973 18.3797 18.4621 18.5443 18.6263 18.7082 18.7897 18.8709 18.9517 19.0319 19.1115 19.1902 19.268 19.3446 19.4196 19.4929 19.5641 19.6328 19.6989 19.7622 19.8232 19.8832 19.945 20.0133 20.0951 20.198 20.3258 
10.5967 10.6473 10.7051 10.7702 10.8408 10.915 10.9912 11.0681 11.145 11.2216 11.2977 11.3731 11.448 11.5225 11.5965 11.6701 11.7435 11.8166 11.8896 11.9625 12.0352 12.1079 12.1806 12.2533 12.326 12.3987 12.4714 12.5442 12.6171 12.6901 12.7632 12.8363 12.9096 12.983 13.0565 13.1301 13.2039 13.2777 13.3518 13.4259 13.5002 13.5747 13.6493 13.7241 13.799 13.8741 13.9494 14.0248 14.1004 14.1761 14.2521 14.3282 14.4045 14.4809 14.5576 14.6344 14.7114 14.7886 14.8659 14.9435 15.0212 15.0991 15.1772 15.2555 15.334 15.4126 15.4915 15.5705 15.6497 15.7291 15.8086 15.8884 15.9683 16.0484 16.1286 16.2091 16.2897 16.3704 16.4514 16.5325 16.6137 16.6951 16.7767 16.8584 16.9403 17.0223 17.1044 17.1867 17.2691 17.3516 17.4342 17.5169 17.5997 17.6826 17.7655 17.8486 17.9317 18.0148 18.0979 18.1811 18.2642 18.3473 18.4304 18.5133 18.5962 18.6788 18.7613 18.8434 18.9253 19.0067 19.0876 19.1679 19.2475 19.3262 19.4038 19.4802 19.5552 19.6285 19.7002 19.7701 19.8386 19.9064 19.9747 20.046 20.1234 20.2109 20.3118 20.4267 
10.682 10.7369 10.796 10.8599 10.9277 10.9986 11.0713 11.145 11.2192 11.2935 11.3675 11.4413 11.5148 11.5879 11.6607 11.7333 11.8056 11.8778 11.9498 12.0218 12.0937 12.1655 12.2374 12.3092 12.3811 12.453 12.525 12.5971 12.6692 12.7415 12.8138 12.8863 12.9589 13.0316 13.1044 13.1774 13.2505 13.3238 13.3972 13.4708 13.5446 13.6185 13.6926 13.7669 13.8414 13.916 13.9908 14.0658 14.1411 14.2164 14.292 14.3678 14.4438 14.52 14.5964 14.6729 14.7497 14.8267 14.9039 14.9813 15.0589 15.1367 15.2148 15.293 15.3714 15.4501 15.5289 15.608 15.6872 15.7667 15.8464 15.9262 16.0063 16.0865 16.167 16.2476 16.3285 16.4095 16.4907 16.5721 16.6537 16.7354 16.8173 16.8994 16.9817 17.0641 17.1466 17.2293 17.3122 17.3952 17.4783 17.5615 17.6448 17.7282 17.8118 17.8953 17.979 18.0627 18.1465 18.2302 18.314 18.3977 18.4814 18.5649 18.6484 18.7317 18.8148 18.8977 18.9803 19.0624 19.1441 19.2253 19.3058 19.3855 19.4644 19.5423 19.6191 19.6947 19.7693 19.8428 19.9158 19.989 20.0634 20.1409 20.2235 20.3132 20.4116 20.5182 
10.7646 10.8221 10.8823 10.9456 11.0118 11.0802 11.1504 11.2216 11.2935 11.3656 11.4378 11.51 11.5819 11.6537 11.7253 11.7968 11.8681 11.9393 12.0104 12.0814 12.1524 12.2234 12.2944 12.3654 12.4365 12.5076 12.5788 12.6501 12.7215 12.793 12.8646 12.9364 13.0083 13.0803 13.1525 13.2249 13.2974 13.3701 13.4429 13.5159 13.5892 13.6626 13.7362 13.81 13.8839 13.9581 14.0325 14.1071 14.1819 14.257 14.3322 14.4077 14.4834 14.5593 14.6354 14.7117 14.7883 14.8651 14.9421 15.0194 15.0969 15.1746 15.2525 15.3307 15.4091 15.4877 15.5666 15.6457 15.725 15.8045 15.8843 15.9643 16.0445 16.1249 16.2056 16.2864 16.3675 16.4488 16.5303 16.612 16.6938 16.7759 16.8582 16.9407 17.0233 17.1061 17.1891 17.2722 17.3555 17.439 17.5226 17.6063 17.6902 17.7741 17.8582 17.9424 18.0266 18.1109 18.1952 18.2796 18.364 18.4483 18.5327 18.6169 18.7011 18.7851 18.8689 18.9525 19.0358 19.1188 19.2014 19.2835 19.365 19.4459 19.5262 19.6056 19.6843 19.7622 19.8394 19.9162 19.993 20.0703 20.1492 20.2308 20.3163 20.407 20.5032 20.6044 
10.8456 10.9047 10.9656 11.0285 11.0935 11.1603 11.2285 11.2977 11.3675 11.4378 11.5083 11.5789 11.6494 11.7199 11.7903 11.8606 11.9309 12.001 12.0711 12.1412 12.2113 12.2815 12.3516 12.4218 12.492 12.5624 12.6328 12.7033 12.774 12.8448 12.9157 12.9867 13.0579 13.1293 13.2008 13.2726 13.3444 13.4165 13.4888 13.5613 13.6339 13.7068 13.7799 13.8532 13.9267 14.0005 14.0744 14.1486 14.2231 14.2977 14.3726 14.4478 14.5231 14.5988 14.6746 14.7507 14.8271 14.9037 14.9806 15.0577 15.1351 15.2127 15.2905 15.3687 15.447 15.5257 15.6045 15.6837 15.763 15.8426 15.9225 16.0026 16.083 16.1636 16.2444 16.3255 16.4068 16.4883 16.5701 16.652 16.7342 16.8167 16.8993 16.9821 17.0651 17.1484 17.2318 17.3154 17.3991 17.4831 17.5672 17.6514 17.7358 17.8203 17.9049 17.9896 18.0745 18.1593 18.2443 18.3293 18.4143 18.4993 18.5843 18.6692 18.7541 18.8388 18.9234 19.0078 19.0919 19.1758 19.2593 19.3424 19.425 19.5072 19.5888 19.6699 19.7504 19.8304 19.9101 19.9897 20.0696 20.1503 20.2324 20.3168 20.4042 20.4952 20.5899 20.6877 
10.9256 10.9856 11.0468 11.1094 11.1735 11.239 11.3056 11.3731 11.4413 11.51 11.5789 11.648 11.7172 11.7864 11.8556 11.9247 11.9939 12.063 12.1322 12.2013 12.2705 12.3398 12.409 12.4784 12.5478 12.6174 12.687 12.7568 12.8267 12.8967 12.9669 13.0373 13.1078 13.1785 13.2494 13.3204 13.3917 13.4632 13.5349 13.6068 13.6789 13.7513 13.8239 13.8967 13.9697 14.043 14.1166 14.1904 14.2644 14.3387 14.4133 14.4881 14.5632 14.6385 14.7141 14.79 14.8662 14.9426 15.0193 15.0963 15.1735 15.251 15.3288 15.4069 15.4852 15.5638 15.6427 15.7219 15.8013 15.881 15.961 16.0412 16.1217 16.2025 16.2835 16.3648 16.4463 16.5281 16.6101 16.6924 16.7749 16.8577 16.9406 17.0238 17.1073 17.1909 17.2747 17.3588 17.443 17.5274 17.612 17.6968 17.7817 17.8667 17.9519 18.0372 18.1226 18.2081 18.2937 18.3793 18.465 18.5507 18.6363 18.722 18.8075 18.893 18.9784 19.0636 19.1486 19.2333 19.3178 19.402 19.4858 19.5692 19.6522 19.7349 19.8172 19.8992 19.9811 20.0631 20.1455 20.2288 20.3134 20.3998 20.4884 20.5797 20.6734 20.7692 
11.0049 11.0654 11.1266 11.1889 11.2522 11.3166 11.3819 11.448 11.5148 11.5819 11.6494 11.7172 11.785 11.853 11.921 11.9891 12.0572 12.1253 12.1935 12.2617 12.33 12.3983 12.4667 12.5352 12.6038 12.6726 12.7414 12.8104 12.8796 12.9489 13.0184 13.088 13.1578 13.2279 13.2981 13.3686 13.4392 13.5101 13.5812 13.6526 13.7242 13.796 13.8681 13.9404 14.013 14.0859 14.159 14.2324 14.3061 14.38 14.4542 14.5287 14.6035 14.6786 14.7539 14.8296 14.9055 14.9818 15.0583 15.1351 15.2123 15.2897 15.3674 15.4454 15.5237 15.6023 15.6812 15.7604 15.8399 15.9197 15.9997 16.0801 16.1608 16.2417 16.3229 16.4044 16.4861 16.5682 16.6505 16.7331 16.8159 16.899 16.9823 17.0659 17.1497 17.2337 17.318 17.4025 17.4872 17.572 17.6571 17.7424 17.8278 17.9134 17.9992 18.0851 18.1711 18.2572 18.3434 18.4297 18.516 18.6024 18.6887 18.7751 18.8614 18.9477 19.0338 19.1199 19.2057 19.2914 19.3769 19.4621 19.5471 19.6318 19.7162 19.8004 19.8843 19.9682 20.0521 20.1362 20.2208 20.3061 20.3926 20.4805 20.5702 20.6617 20.7549 20.8495 
11.0839 11.1444 11.2055 11.2673 11.33 11.3934 11.4576 11.5225 11.5879 11.6537 11.7199 11.7864 11.853 11.9198 11.9866 12.0536 12.1207 12.1878 12.255 12.3223 12.3896 12.4571 12.5246 12.5923 12.6601 12.728 12.7961 12.8643 12.9327 13.0013 13.07 13.139 13.2082 13.2775 13.3471 13.417 13.487 13.5573 13.6279 13.6986 13.7697 13.841 13.9126 13.9845 14.0566 14.129 14.2017 14.2747 14.348 14.4216 14.4955 14.5696 14.6441 14.7189 14.794 14.8695 14.9452 15.0213 15.0976 15.1743 15.2513 15.3286 15.4063 15.4842 15.5625 15.6411 15.72 15.7992 15.8788 15.9587 16.0388 16.1193 16.2001 16.2812 16.3626 16.4443 16.5263 16.6086 16.6912 16.774 16.8571 16.9406 17.0242 17.1082 17.1924 17.2768 17.3615 17.4465 17.5316 17.617 17.7026 17.7884 17.8743 17.9605 18.0468 18.1333 18.2199 18.3066 18.3934 18.4804 18.5674 18.6544 18.7415 18.8286 18.9157 19.0027 19.0897 19.1766 19.2634 19.35 19.4365 19.5228 19.6089 19.6949 19.7806 19.8663 19.9518 20.0373 20.123 20.2089 20.2953 20.3824 20.4705 20.5597 20.6502 20.742 20.8351 20.9291 
11.1625 11.2229 11.2837 11.345 11.407 11.4696 11.5327 11.5965 11.6607 11.7253 11.7903 11.8556 11.921 11.9866 12.0524 12.1183 12.1844 12.2505 12.3167 12.383 12.4495 12.516 12.5827 12.6496 12.7165 12.7837 12.851 12.9184 12.9861 13.0539 13.122 13.1903 13.2587 13.3275 13.3964 13.4656 13.5351 13.6048 13.6747 13.745 13.8155 13.8863 13.9574 14.0288 14.1005 14.1724 14.2447 14.3173 14.3902 14.4635 14.537 14.6109 14.6851 14.7596 14.8345 14.9097 14.9852 15.0611 15.1373 15.2138 15.2907 15.3679 15.4455 15.5234 15.6016 15.6802 15.7592 15.8384 15.918 15.998 16.0783 16.1589 16.2398 16.3211 16.4026 16.4845 16.5668 16.6493 16.7322 16.8153 16.8988 16.9825 17.0665 17.1508 17.2354 17.3203 17.4054 17.4908 17.5764 17.6623 17.7483 17.8346 17.9211 18.0078 18.0947 18.1818 18.269 18.3563 18.4438 18.5314 18.6191 18.7068 18.7946 18.8825 18.9703 19.0582 19.146 19.2338 19.3215 19.4091 19.4966 19.584 19.6712 19.7584 19.8454 19.9324 20.0194 20.1065 20.1937 20.2813 20.3693 20.4579 20.5473 20.6376 20.7289 20.8212 20.9144 21.0082 
11.241 11.3011 11.3614 11.4222 11.4834 11.5452 11.6074 11.6701 11.7333 11.7968 11.8606 11.9247 11.9891 12.0536 12.1183 12.1832 12.2482 12.3134 12.3786 12.444 12.5096 12.5753 12.6411 12.7071 12.7733 12.8396 12.9061 12.9728 13.0397 13.1069 13.1742 13.2418 13.3096 13.3777 13.446 13.5145 13.5834 13.6525 13.7219 13.7916 13.8616 13.9319 14.0025 14.0734 14.1446 14.2162 14.2881 14.3603 14.4328 14.5057 14.5789 14.6525 14.7264 14.8006 14.8753 14.9502 15.0255 15.1012 15.1773 15.2537 15.3305 15.4076 15.4851 15.5629 15.6412 15.7197 15.7987 15.878 15.9576 16.0377 16.118 16.1988 16.2798 16.3613 16.443 16.5252 16.6076 16.6904 16.7735 16.857 16.9407 17.0248 17.1092 17.1938 17.2788 17.3641 17.4496 17.5355 17.6215 17.7079 17.7945 17.8813 17.9683 18.0556 18.143 18.2307 18.3185 18.4064 18.4946 18.5828 18.6712 18.7596 18.8482 18.9368 19.0254 19.1141 19.2027 19.2914 19.38 19.4685 19.557 19.6455 19.7339 19.8222 19.9105 19.9988 20.0872 20.1757 20.2644 20.3534 20.4428 20.5328 20.6234 20.7147 20.8067 20.8995 20.993 21.0869 
11.3193 11.379 11.4388 11.499 11.5595 11.6204 11.6818 11.7435 11.8056 11.8681 11.9309 11.9939 12.0572 12.1207 12.1844 12.2482 12.3122 12.3764 12.4408 12.5053 12.5699 12.6347 12.6997 12.7649 12.8302 12.8958 12.9615 13.0275 13.0936 13.1601 13.2267 13.2936 13.3607 13.4281 13.4958 13.5638 13.632 13.7006 13.7694 13.8386 13.908 13.9778 14.0479 14.1184 14.1892 14.2603 14.3317 14.4036 14.4757 14.5483 14.6212 14.6944 14.768 14.842 14.9164 14.9911 15.0663 15.1418 15.2177 15.2939 15.3706 15.4476 15.525 15.6028 15.681 15.7596 15.8386 15.9179 15.9976 16.0777 16.1582 16.2391 16.3203 16.4019 16.4838 16.5662 16.6488 16.7319 16.8152 16.899 16.983 17.0674 17.1522 17.2372 17.3226 17.4083 17.4942 17.5805 17.667 17.7539 17.8409 17.9283 18.0158 18.1036 18.1917 18.2799 18.3683 18.4569 18.5457 18.6346 18.7237 18.8128 18.9021 18.9914 19.0809 19.1703 19.2598 19.3493 19.4389 19.5284 19.6179 19.7074 19.7969 19.8864 19.9759 20.0654 20.1551 20.2449 20.3349 20.4252 20.5159 20.6071 20.6988 20.791 20.8839 20.9773 21.0712 21.1654 
11.3976 11.4567 11.5159 11.5754 11.6352 11.6953 11.7558 11.8166 11.8778 11.9393 12.001 12.063 12.1253 12.1878 12.2505 12.3134 12.3764 12.4397 12.5031 12.5667 12.6305 12.6944 12.7586 12.8229 12.8874 12.9522 13.0172 13.0824 13.1478 13.2135 13.2795 13.3457 13.4122 13.4789 13.546 13.6134 13.681 13.749 13.8173 13.8859 13.9548 14.0241 14.0937 14.1637 14.234 14.3047 14.3758 14.4472 14.519 14.5912 14.6638 14.7367 14.8101 14.8838 14.9579 15.0325 15.1074 15.1827 15.2584 15.3346 15.4111 15.4881 15.5654 15.6432 15.7213 15.7999 15.8789 15.9583 16.038 16.1182 16.1988 16.2798 16.3611 16.4429 16.525 16.6075 16.6905 16.7737 16.8574 16.9414 17.0258 17.1105 17.1956 17.281 17.3667 17.4528 17.5392 17.6259 17.7129 17.8002 17.8878 17.9756 18.0638 18.1521 18.2407 18.3295 18.4186 18.5078 18.5972 18.6868 18.7765 18.8664 18.9564 19.0465 19.1367 19.227 19.3173 19.4077 19.4982 19.5886 19.6791 19.7696 19.8602 19.9508 20.0414 20.1322 20.223 20.3141 20.4053 20.4969 20.5887 20.681 20.7737 20.8669 20.9605 21.0546 21.149 21.2437 
11.4757 11.5342 11.5928 11.6517 11.7107 11.7701 11.8297 11.8896 11.9498 12.0104 12.0711 12.1322 12.1935 12.255 12.3167 12.3786 12.4408 12.5031 12.5656 12.6283 12.6912 12.7543 12.8176 12.8812 12.9449 13.0089 13.0731 13.1376 13.2023 13.2673 13.3326 13.3981 13.4639 13.5301 13.5965 13.6632 13.7303 13.7977 13.8654 13.9335 14.002 14.0707 14.1399 14.2094 14.2793 14.3496 14.4202 14.4913 14.5627 14.6346 14.7068 14.7795 14.8525 14.926 14.9999 15.0742 15.1489 15.2241 15.2997 15.3757 15.4521 15.5289 15.6062 15.6839 15.7621 15.8406 15.9196 15.999 16.0789 16.1591 16.2398 16.3209 16.4024 16.4843 16.5666 16.6494 16.7325 16.816 16.8999 16.9842 17.0689 17.154 17.2394 17.3252 17.4113 17.4978 17.5846 17.6717 17.7592 17.847 17.9351 18.0234 18.1121 18.201 18.2901 18.3795 18.4692 18.559 18.6491 18.7393 18.8298 18.9204 19.0111 19.102 19.1929 19.284 19.3752 19.4665 19.5578 19.6492 19.7407 19.8322 19.9238 20.0154 20.1072 20.199 20.2911 20.3833 20.4757 20.5684 20.6613 20.7547 20.8483 20.9424 21.0368 21.1316 21.2267 21.322 
11.5538 11.6117 11.6696 11.7277 11.786 11.8446 11.9034 11.9625 12.0218 12.0814 12.1412 12.2013 12.2617 12.3223 12.383 12.444 12.5053 12.5667 12.6283 12.6902 12.7522 12.8145 12.877 12.9397 13.0027 13.0659 13.1294 13.1931 13.2571 13.3214 13.386 13.4508 13.516 13.5815 13.6473 13.7135 13.78 13.8468 13.914 13.9816 14.0495 14.1178 14.1864 14.2555 14.325 14.3948 14.4651 14.5358 14.6068 14.6784 14.7503 14.8226 14.8954 14.9686 15.0423 15.1164 15.1909 15.2659 15.3413 15.4172 15.4935 15.5703 15.6475 15.7251 15.8032 15.8818 15.9608 16.0402 16.1201 16.2005 16.2813 16.3625 16.4441 16.5262 16.6087 16.6916 16.775 16.8588 16.9429 17.0275 17.1125 17.1979 17.2836 17.3698 17.4563 17.5432 17.6304 17.718 17.8059 17.8942 17.9827 18.0716 18.1608 18.2502 18.34 18.43 18.5202 18.6107 18.7014 18.7923 18.8834 18.9747 19.0662 19.1578 19.2496 19.3414 19.4335 19.5256 19.6178 19.7101 19.8025 19.895 19.9876 20.0803 20.1731 20.2661 20.3592 20.4525 20.546 20.6397 20.7338 20.8281 20.9227 21.0177 21.1129 21.2084 21.3042 21.4001 
11.6319 11.6891 11.7463 11.8037 11.8613 11.919 11.977 12.0352 12.0937 12.1524 12.2113 12.2705 12.33 12.3896 12.4495 12.5096 12.5699 12.6305 12.6912 12.7522 12.8134 12.8749 12.9366 12.9985 13.0607 13.1232 13.1859 13.2489 13.3122 13.3758 13.4397 13.5039 13.5685 13.6333 13.6985 13.7641 13.83 13.8963 13.9629 14.03 14.0974 14.1652 14.2334 14.302 14.3711 14.4405 14.5104 14.5807 14.6514 14.7226 14.7942 14.8662 14.9388 15.0117 15.0851 15.159 15.2334 15.3082 15.3834 15.4592 15.5354 15.612 15.6892 15.7668 15.8449 15.9234 16.0025 16.0819 16.1619 16.2423 16.3232 16.4045 16.4863 16.5685 16.6512 16.7344 16.818 16.902 16.9864 17.0713 17.1566 17.2422 17.3284 17.4149 17.5017 17.589 17.6767 17.7647 17.8531 17.9418 18.0308 18.1202 18.2099 18.2999 18.3902 18.4808 18.5717 18.6628 18.7541 18.8457 18.9375 19.0295 19.1217 19.214 19.3066 19.3992 19.4921 19.585 19.6781 19.7713 19.8647 19.9581 20.0517 20.1454 20.2392 20.3332 20.4274 20.5217 20.6162 20.711 20.8061 20.9013 20.9969 21.0927 21.1888 21.2851 21.3815 21.4781 
11.71 11.7664 11.8229 11.8796 11.9364 11.9934 12.0505 12.1079 12.1655 12.2234 12.2815 12.3398 12.3983 12.4571 12.516 12.5753 12.6347 12.6944 12.7543 12.8145 12.8749 12.9355 12.9964 13.0576 13.119 13.1808 13.2428 13.3051 13.3676 13.4306 13.4938 13.5574 13.6213 13.6855 13.7501 13.8151 13.8804 13.9462 14.0123 14.0788 14.1457 14.213 14.2808 14.349 14.4176 14.4866 14.5561 14.626 14.6964 14.7672 14.8385 14.9103 14.9826 15.0553 15.1285 15.2021 15.2763 15.3509 15.426 15.5016 15.5777 15.6543 15.7314 15.809 15.887 15.9656 16.0446 16.1241 16.2041 16.2846 16.3656 16.4471 16.529 16.6114 16.6943 16.7776 16.8614 16.9456 17.0303 17.1155 17.2011 17.2871 17.3735 17.4604 17.5477 17.6353 17.7234 17.8118 17.9007 17.9898 18.0794 18.1693 18.2595 18.3501 18.4409 18.5321 18.6235 18.7152 18.8072 18.8995 18.9919 19.0846 19.1775 19.2706 19.3639 19.4574 19.551 19.6448 19.7388 19.8329 19.9271 20.0215 20.116 20.2107 20.3055 20.4005 20.4956 20.591 20.6865 20.7823 20.8783 20.9745 21.071 21.1676 21.2645 21.3616 21.4588 21.5562 
11.788 11.8437 11.8995 11.9554 12.0115 12.0677 12.124 12.1806 12.2374 12.2944 12.3516 12.409 12.4667 12.5246 12.5827 12.6411 12.6997 12.7586 12.8176 12.877 12.9366 12.9964 13.0566 13.117 13.1777 13.2386 13.2999 13.3615 13.4234 13.4857 13.5482 13.6111 13.6744 13.7381 13.8021 13.8665 13.9313 13.9964 14.062 14.128 14.1945 14.2613 14.3286 14.3964 14.4645 14.5332 14.6023 14.6718 14.7419 14.8124 14.8834 14.9549 15.0269 15.0993 15.1723 15.2457 15.3197 15.3942 15.4691 15.5446 15.6206 15.6971 15.7741 15.8517 15.9297 16.0082 16.0873 16.1668 16.2469 16.3275 16.4085 16.4901 16.5722 16.6547 16.7378 16.8213 16.9053 16.9898 17.0748 17.1602 17.2461 17.3324 17.4192 17.5064 17.594 17.6821 17.7706 17.8595 17.9487 18.0384 18.1284 18.2188 18.3095 18.4006 18.492 18.5838 18.6758 18.7682 18.8608 18.9537 19.0468 19.1402 19.2338 19.3276 19.4217 19.5159 19.6104 19.705 19.7998 19.8947 19.9898 20.0851 20.1806 20.2762 20.3719 20.4679 20.564 20.6603 20.7568 20.8535 20.9505 21.0476 21.1449 21.2425 21.3402 21.4381 21.5361 21.6342 
11.866 11.921 11.9761 12.0312 12.0865 12.1419 12.1975 12.2533 12.3092 12.3654 12.4218 12.4784 12.5352 12.5923 12.6496 12.7071 12.7649 12.8229 12.8812 12.9397 12.9985 13.0576 13.117 13.1766 13.2366 13.2968 13.3574 13.4183 13.4795 13.5411 13.603 13.6653 13.728 13.791 13.8544 13.9183 13.9825 14.0472 14.1122 14.1777 14.2437 14.3101 14.3769 14.4442 14.512 14.5802 14.6489 14.7182 14.7879 14.8581 14.9287 14.9999 15.0717 15.1439 15.2166 15.2899 15.3637 15.438 15.5128 15.5881 15.664 15.7404 15.8174 15.8949 15.9729 16.0514 16.1305 16.2101 16.2902 16.3709 16.452 16.5337 16.6159 16.6986 16.7819 16.8656 16.9498 17.0345 17.1197 17.2054 17.2916 17.3783 17.4654 17.5529 17.6409 17.7294 17.8183 17.9076 17.9973 18.0874 18.1779 18.2688 18.36 18.4517 18.5436 18.6359 18.7286 18.8215 18.9148 19.0083 19.1021 19.1962 19.2905 19.385 19.4798 19.5748 19.6701 19.7655 19.8611 19.9569 20.0529 20.149 20.2454 20.3419 20.4386 20.5354 20.6325 20.7297 20.8272 20.9248 21.0227 21.1207 21.2189 21.3173 21.4158 21.5145 21.6133 21.7121 
11.944 11.9983 12.0526 12.107 12.1615 12.2162 12.271 12.326 12.3811 12.4365 12.492 12.5478 12.6038 12.6601 12.7165 12.7733 12.8302 12.8874 12.9449 13.0027 13.0607 13.119 13.1777 13.2366 13.2958 13.3553 13.4152 13.4754 13.536 13.5969 13.6582 13.7199 13.7819 13.8444 13.9072 13.9705 14.0342 14.0983 14.1629 14.2279 14.2933 14.3593 14.4257 14.4925 14.5599 14.6278 14.6961 14.765 14.8343 14.9042 14.9746 15.0455 15.117 15.189 15.2615 15.3346 15.4081 15.4823 15.557 15.6322 15.708 15.7843 15.8612 15.9386 16.0166 16.0952 16.1743 16.2539 16.3341 16.4148 16.4961 16.5779 16.6602 16.7431 16.8265 16.9104 16.9948 17.0798 17.1652 17.2512 17.3377 17.4246 17.5121 17.6 17.6883 17.7772 17.8665 17.9562 18.0463 18.1369 18.2279 18.3193 18.411 18.5032 18.5957 18.6886 18.7818 18.8753 18.9692 19.0633 19.1578 19.2525 19.3476 19.4428 19.5384 19.6341 19.7301 19.8263 19.9227 20.0194 20.1162 20.2132 20.3104 20.4078 20.5054 20.6032 20.7011 20.7993 20.8976 20.9961 21.0949 21.1937 21.2928 21.392 21.4914 21.5909 21.6905 21.7901 
12.022 12.0755 12.1291 12.1828 12.2365 12.2904 12.3445 12.3987 12.453 12.5076 12.5624 12.6174 12.6726 12.728 12.7837 12.8396 12.8958 12.9522 13.0089 13.0659 13.1232 13.1808 13.2386 13.2968 13.3553 13.4142 13.4734 13.5329 13.5928 13.6531 13.7138 13.7748 13.8363 13.8981 13.9604 14.0231 14.0863 14.1499 14.214 14.2785 14.3435 14.409 14.4749 14.5414 14.6083 14.6758 14.7438 14.8123 14.8814 14.9509 15.021 15.0917 15.1629 15.2346 15.3069 15.3798 15.4532 15.5272 15.6017 15.6768 15.7525 15.8288 15.9056 15.983 16.061 16.1395 16.2186 16.2983 16.3785 16.4593 16.5407 16.6226 16.705 16.7881 16.8716 16.9558 17.0404 17.1256 17.2113 17.2975 17.3843 17.4715 17.5593 17.6475 17.7363 17.8255 17.9152 18.0053 18.0959 18.1869 18.2784 18.3702 18.4625 18.5552 18.6482 18.7416 18.8354 18.9296 19.024 19.1188 19.2139 19.3094 19.4051 19.501 19.5973 19.6938 19.7905 19.8875 19.9847 20.0821 20.1798 20.2776 20.3757 20.4739 20.5724 20.671 20.7699 20.8689 20.9681 21.0675 21.1671 21.2668 21.3667 21.4668 21.567 21.6673 21.7676 21.8681 
12.1 12.1528 12.2057 12.2586 12.3116 12.3647 12.418 12.4714 12.525 12.5788 12.6328 12.687 12.7414 12.7961 12.851 12.9061 12.9615 13.0172 13.0731 13.1294 13.1859 13.2428 13.2999 13.3574 13.4152 13.4734 13.5319 13.5908 13.6501 13.7097 13.7697 13.8302 13.8911 13.9524 14.0141 14.0763 14.1389 14.202 14.2655 14.3296 14.3941 14.4591 14.5247 14.5907 14.6573 14.7244 14.792 14.8602 14.9289 14.9982 15.068 15.1384 15.2093 15.2808 15.3529 15.4256 15.4988 15.5727 15.6471 15.7221 15.7977 15.8738 15.9506 16.0279 16.1059 16.1844 16.2635 16.3432 16.4235 16.5044 16.5859 16.6679 16.7505 16.8337 16.9174 17.0017 17.0866 17.172 17.2579 17.3444 17.4315 17.519 17.6071 17.6957 17.7848 17.8744 17.9644 18.055 18.146 18.2374 18.3294 18.4217 18.5145 18.6077 18.7012 18.7952 18.8896 18.9843 19.0794 19.1748 19.2705 19.3666 19.463 19.5596 19.6566 19.7538 19.8513 19.949 20.047 20.1452 20.2437 20.3423 20.4412 20.5403 20.6396 20.7391 20.8388 20.9387 21.0387 21.139 21.2394 21.34 21.4407 21.5416 21.6426 21.7436 21.8448 21.946 
12.178 12.2301 12.2822 12.3344 12.3867 12.4391 12.4916 12.5442 12.5971 12.6501 12.7033 12.7568 12.8104 12.8643 12.9184 12.9728 13.0275 13.0824 13.1376 13.1931 13.2489 13.3051 13.3615 13.4183 13.4754 13.5329 13.5908 13.649 13.7077 13.7667 13.8261 13.886 13.9463 14.007 14.0682 14.1298 14.1919 14.2545 14.3176 14.3812 14.4453 14.5099 14.575 14.6406 14.7068 14.7735 14.8408 14.9086 14.977 15.046 15.1155 15.1857 15.2564 15.3276 15.3995 15.472 15.5451 15.6187 15.693 15.7679 15.8434 15.9195 15.9962 16.0735 16.1514 16.2299 16.3091 16.3888 16.4692 16.5501 16.6317 16.7138 16.7965 16.8799 16.9638 17.0483 17.1333 17.219 17.3052 17.3919 17.4792 17.5671 17.6555 17.7444 17.8338 17.9238 18.0142 18.1052 18.1966 18.2885 18.3809 18.4737 18.567 18.6607 18.7548 18.8493 18.9442 19.0395 19.1352 19.2312 19.3276 19.4243 19.5213 19.6186 19.7163 19.8142 19.9124 20.0109 20.1096 20.2086 20.3078 20.4073 20.507 20.6069 20.707 20.8073 20.9078 21.0085 21.1094 21.2105 21.3118 21.4132 21.5147 21.6164 21.7182 21.82 21.922 22.024 
12.256 12.3074 12.3588 12.4102 12.4618 12.5134 12.5652 12.6171 12.6692 12.7215 12.774 12.8267 12.8796 12.9327 12.9861 13.0397 13.0936 13.1478 13.2023 13.2571 13.3122 13.3676 13.4234 13.4795 13.536 13.5928 13.6501 13.7077 13.7657 13.8241 13.8829 13.9422 14.0019 14.0621 14.1228 14.1839 14.2455 14.3076 14.3702 14.4333 14.4969 14.5611 14.6258 14.6911 14.7569 14.8232 14.8902 14.9577 15.0257 15.0944 15.1637 15.2335 15.304 15.3751 15.4467 15.519 15.5919 15.6654 15.7396 15.8144 15.8898 15.9658 16.0424 16.1197 16.1976 16.2761 16.3553 16.435 16.5154 16.5965 16.6781 16.7604 16.8432 16.9267 17.0108 17.0954 17.1807 17.2666 17.353 17.44 17.5276 17.6157 17.7044 17.7937 17.8835 17.9738 18.0646 18.156 18.2478 18.3401 18.433 18.5262 18.62 18.7142 18.8088 18.9039 18.9993 19.0952 19.1914 19.2881 19.385 19.4824 19.5801 19.6781 19.7764 19.875 19.9739 20.0731 20.1726 20.2723 20.3723 20.4725 20.573 20.6737 20.7746 20.8757 20.9771 21.0786 21.1803 21.2822 21.3842 21.4864 21.5888 21.6912 21.7938 21.8965 21.9992 22.1019 
12.3341 12.3847 12.4354 12.4861 12.5369 12.5879 12.6389 12.6901 12.7415 12.793 12.8448 12.8967 12.9489 13.0013 13.0539 13.1069 13.1601 13.2135 13.2673 13.3214 13.3758 13.4306 13.4857 13.5411 13.5969 13.6531 13.7097 13.7667 13.8241 13.8819 13.9402 13.9989 14.0581 14.1177 14.1778 14.2384 14.2995 14.3612 14.4233 14.486 14.5492 14.6129 14.6772 14.7421 14.8075 14.8735 14.9401 15.0073 15.075 15.1434 15.2124 15.282 15.3523 15.4231 15.4946 15.5667 15.6394 15.7128 15.7868 15.8615 15.9368 16.0127 16.0893 16.1665 16.2444 16.3229 16.4021 16.4819 16.5624 16.6435 16.7252 16.8076 16.8905 16.9742 17.0584 17.1433 17.2287 17.3148 17.4015 17.4887 17.5766 17.665 17.754 17.8436 17.9337 18.0244 18.1156 18.2073 18.2996 18.3923 18.4856 18.5793 18.6736 18.7682 18.8634 18.9589 19.0549 19.1514 19.2482 19.3454 19.443 19.5409 19.6392 19.7379 19.8369 19.9362 20.0358 20.1357 20.2359 20.3363 20.4371 20.5381 20.6393 20.7408 20.8424 20.9443 21.0465 21.1488 21.2513 21.3539 21.4568 21.5598 21.6629 21.7661 21.8695 21.9729 22.0764 22.1799 
12.4121 12.462 12.512 12.562 12.6121 12.6623 12.7127 12.7632 12.8138 12.8646 12.9157 12.9669 13.0184 13.07 13.122 13.1742 13.2267 13.2795 13.3326 13.386 13.4397 13.4938 13.5482 13.603 13.6582 13.7138 13.7697 13.8261 13.8829 13.9402 13.9979 14.056 14.1147 14.1738 14.2334 14.2935 14.3541 14.4153 14.4769 14.5392 14.6019 14.6653 14.7292 14.7936 14.8587 14.9244 14.9906 15.0575 15.125 15.1931 15.2618 15.3312 15.4011 15.4718 15.5431 15.615 15.6876 15.7608 15.8347 15.9092 15.9844 16.0603 16.1368 16.214 16.2919 16.3704 16.4496 16.5295 16.61 16.6911 16.7729 16.8554 16.9385 17.0223 17.1067 17.1917 17.2774 17.3637 17.4506 17.5381 17.6262 17.7149 17.8042 17.8941 17.9846 18.0756 18.1672 18.2593 18.3519 18.4451 18.5388 18.633 18.7277 18.8228 18.9185 19.0145 19.1111 19.208 19.3054 19.4032 19.5014 19.5999 19.6989 19.7982 19.8978 19.9978 20.098 20.1986 20.2995 20.4007 20.5022 20.6039 20.7058 20.8081 20.9105 21.0132 21.1161 21.2191 21.3224 21.4258 21.5294 21.6332 21.7371 21.8411 21.9452 22.0494 22.1536 22.2579 
12.4901 12.5394 12.5886 12.638 12.6874 12.7369 12.7866 12.8363 12.8863 12.9364 12.9867 13.0373 13.088 13.139 13.1903 13.2418 13.2936 13.3457 13.3981 13.4508 13.5039 13.5574 13.6111 13.6653 13.7199 13.7748 13.8302 13.886 13.9422 13.9989 14.056 14.1137 14.1718 14.2303 14.2894 14.3491 14.4092 14.4699 14.5311 14.5929 14.6553 14.7182 14.7817 14.8458 14.9105 14.9758 15.0418 15.1083 15.1755 15.2433 15.3118 15.3809 15.4507 15.5211 15.5922 15.664 15.7364 15.8095 15.8832 15.9577 16.0328 16.1086 16.1851 16.2622 16.3401 16.4186 16.4978 16.5777 16.6582 16.7395 16.8214 16.904 16.9872 17.0711 17.1556 17.2409 17.3267 17.4132 17.5003 17.5881 17.6765 17.7655 17.8551 17.9453 18.036 18.1274 18.2193 18.3118 18.4049 18.4985 18.5926 18.6872 18.7823 18.878 18.9741 19.0707 19.1677 19.2652 19.3632 19.4615 19.5603 19.6594 19.759 19.8589 19.9591 20.0597 20.1607 20.2619 20.3635 20.4654 20.5676 20.67 20.7727 20.8756 20.9788 21.0822 21.1858 21.2897 21.3937 21.4979 21.6022 21.7067 21.8114 21.9161 22.021 22.1259 22.2309 22.3359 
12.5682 12.6167 12.6653 12.714 12.7627 12.8115 12.8605 12.9096 12.9589 13.0083 13.0579 13.1078 13.1578 13.2082 13.2587 13.3096 13.3607 13.4122 13.4639 13.516 13.5685 13.6213 13.6744 13.728 13.7819 13.8363 13.8911 13.9463 14.0019 14.0581 14.1147 14.1718 14.2293 14.2874 14.346 14.4052 14.4648 14.5251 14.5859 14.6472 14.7092 14.7717 14.8349 14.8986 14.963 15.0279 15.0936 15.1598 15.2267 15.2943 15.3625 15.4314 15.5009 15.5711 15.642 15.7136 15.7859 15.8588 15.9325 16.0068 16.0819 16.1576 16.234 16.3111 16.389 16.4675 16.5467 16.6266 16.7072 16.7885 16.8705 16.9532 17.0366 17.1206 17.2053 17.2907 17.3767 17.4634 17.5508 17.6388 17.7274 17.8167 17.9065 17.997 18.0882 18.1799 18.2721 18.365 18.4584 18.5524 18.6469 18.742 18.8376 18.9337 19.0303 19.1274 19.2249 19.3229 19.4214 19.5203 19.6196 19.7194 19.8195 19.92 20.0209 20.1221 20.2237 20.3256 20.4279 20.5304 20.6333 20.7364 20.8398 20.9434 21.0473 21.1515 21.2558 21.3604 21.4651 21.57 21.6751 21.7804 21.8857 21.9912 22.0968 22.2024 22.3082 22.4139 
12.6463 12.6942 12.7421 12.79 12.8381 12.8863 12.9346 12.983 13.0316 13.0803 13.1293 13.1785 13.2279 13.2775 13.3275 13.3777 13.4281 13.4789 13.5301 13.5815 13.6333 13.6855 13.7381 13.791 13.8444 13.8981 13.9524 14.007 14.0621 14.1177 14.1738 14.2303 14.2874 14.345 14.4031 14.4618 14.521 14.5808 14.6412 14.7022 14.7637 14.8259 14.8886 14.952 15.016 15.0807 15.146 15.212 15.2786 15.3459 15.4138 15.4825 15.5518 15.6218 15.6926 15.764 15.8361 15.9089 15.9824 16.0567 16.1316 16.2073 16.2837 16.3608 16.4386 16.5171 16.5963 16.6763 16.7569 16.8383 16.9204 17.0032 17.0866 17.1708 17.2557 17.3412 17.4274 17.5143 17.6019 17.6901 17.779 17.8685 17.9587 18.0495 18.1409 18.2329 18.3256 18.4188 18.5126 18.607 18.7019 18.7974 18.8934 18.99 19.087 19.1846 19.2827 19.3812 19.4802 19.5796 19.6795 19.7798 19.8805 19.9816 20.0831 20.1849 20.2871 20.3897 20.4926 20.5958 20.6993 20.8031 20.9072 21.0115 21.1161 21.2209 21.326 21.4313 21.5367 21.6424 21.7482 21.8541 21.9602 22.0664 22.1727 22.279 22.3855 22.4919 
12.7244 12.7716 12.8188 12.8662 12.9136 12.9611 13.0087 13.0565 13.1044 13.1525 13.2008 13.2494 13.2981 13.3471 13.3964 13.446 13.4958 13.546 13.5965 13.6473 13.6985 13.7501 13.8021 13.8544 13.9072 13.9604 14.0141 14.0682 14.1228 14.1778 14.2334 14.2894 14.346 14.4031 14.4608 14.519 14.5778 14.6372 14.6971 14.7577 14.8188 14.8806 14.943 15.0061 15.0698 15.1341 15.1991 15.2648 15.3311 15.3982 15.4659 15.5343 15.6034 15.6733 15.7438 15.815 15.887 15.9597 16.0331 16.1073 16.1821 16.2577 16.3341 16.4111 16.4889 16.5674 16.6467 16.7267 16.8074 16.8888 16.971 17.0538 17.1374 17.2217 17.3067 17.3925 17.4789 17.566 17.6537 17.7422 17.8313 17.9211 18.0115 18.1026 18.1944 18.2867 18.3797 18.4733 18.5674 18.6622 18.7575 18.8534 18.9499 19.0469 19.1444 19.2424 19.3409 19.44 19.5395 19.6394 19.7398 19.8407 19.9419 20.0436 20.1457 20.2481 20.351 20.4541 20.5577 20.6615 20.7657 20.8701 20.9749 21.0799 21.1851 21.2907 21.3964 21.5023 21.6085 21.7148 21.8213 21.928 22.0347 22.1416 22.2486 22.3557 22.4628 22.57 
12.8025 12.849 12.8957 12.9423 12.9891 13.036 13.083 13.1301 13.1774 13.2249 13.2726 13.3204 13.3686 13.417 13.4656 13.5145 13.5638 13.6134 13.6632 13.7135 13.7641 13.8151 13.8665 13.9183 13.9705 14.0231 14.0763 14.1298 14.1839 14.2384 14.2935 14.3491 14.4052 14.4618 14.519 14.5768 14.6352 14.6941 14.7536 14.8138 14.8746 14.936 14.9981 15.0608 15.1241 15.1882 15.2529 15.3183 15.3844 15.4512 15.5186 15.5868 15.6558 15.7254 15.7958 15.8668 15.9387 16.0112 16.0845 16.1586 16.2334 16.3089 16.3852 16.4622 16.54 16.6185 16.6978 16.7778 16.8586 16.9401 17.0223 17.1053 17.189 17.2734 17.3586 17.4444 17.531 17.6183 17.7063 17.795 17.8843 17.9744 18.0651 18.1565 18.2485 18.3411 18.4344 18.5284 18.6229 18.718 18.8137 18.91 19.0069 19.1043 19.2023 19.3008 19.3998 19.4993 19.5993 19.6997 19.8007 19.9021 20.0039 20.1061 20.2088 20.3118 20.4152 20.519 20.6231 20.7276 20.8324 20.9375 21.0428 21.1485 21.2544 21.3606 21.467 21.5736 21.6804 21.7875 21.8946 22.002 22.1094 22.217 22.3246 22.4324 22.5402 22.648 
12.8806 12.9265 12.9725 13.0186 13.0647 13.111 13.1573 13.2039 13.2505 13.2974 13.3444 13.3917 13.4392 13.487 13.5351 13.5834 13.632 13.681 13.7303 13.78 13.83 13.8804 13.9313 13.9825 14.0342 14.0863 14.1389 14.1919 14.2455 14.2995 14.3541 14.4092 14.4648 14.521 14.5778 14.6352 14.6931 14.7516 14.8108 14.8706 14.931 14.992 15.0538 15.1161 15.1792 15.2429 15.3074 15.3725 15.4383 15.5048 15.5721 15.6401 15.7088 15.7783 15.8485 15.9194 15.9911 16.0635 16.1367 16.2107 16.2854 16.3609 16.4371 16.5141 16.5919 16.6704 16.7497 16.8297 16.9105 16.9921 17.0744 17.1575 17.2413 17.3258 17.4111 17.4972 17.5839 17.6714 17.7596 17.8485 17.9381 18.0284 18.1193 18.211 18.3033 18.3963 18.4899 18.5841 18.679 18.7745 18.8706 18.9673 19.0646 19.1624 19.2608 19.3597 19.4592 19.5592 19.6596 19.7606 19.862 19.9639 20.0663 20.1691 20.2723 20.3759 20.4799 20.5842 20.6889 20.794 20.8994 21.0051 21.1111 21.2174 21.324 21.4308 21.5378 21.6451 21.7526 21.8602 21.9681 22.0761 22.1842 22.2924 22.4007 22.5091 22.6176 22.7261 
12.9587 13.0041 13.0494 13.0949 13.1404 13.1861 13.2318 13.2777 13.3238 13.3701 13.4165 13.4632 13.5101 13.5573 13.6048 13.6525 13.7006 13.749 13.7977 13.8468 13.8963 13.9462 13.9964 14.0472 14.0983 14.1499 14.202 14.2545 14.3076 14.3612 14.4153 14.4699 14.5251 14.5808 14.6372 14.6941 14.7516 14.8098 14.8686 14.928 14.988 15.0487 15.1101 15.1722 15.2349 15.2984 15.3625 15.4274 15.493 15.5593 15.6263 15.6941 15.7626 15.8319 15.9019 15.9727 16.0443 16.1166 16.1897 16.2635 16.3382 16.4136 16.4898 16.5668 16.6445 16.723 16.8023 16.8824 16.9633 17.0449 17.1273 17.2104 17.2944 17.379 17.4645 17.5506 17.6376 17.7252 17.8136 17.9027 17.9925 18.0831 18.1743 18.2662 18.3588 18.4521 18.546 18.6406 18.7358 18.8316 18.9281 19.0252 19.1228 19.2211 19.3199 19.4193 19.5192 19.6196 19.7205 19.822 19.9239 20.0263 20.1292 20.2325 20.3362 20.4404 20.5449 20.6499 20.7552 20.8608 20.9668 21.0731 21.1797 21.2866 21.3938 21.5012 21.6089 21.7168 21.8249 21.9332 22.0417 22.1503 22.2591 22.3679 22.4769 22.586 22.6951 22.8042 
13.0369 13.0816 13.1264 13.1713 13.2162 13.2613 13.3064 13.3518 13.3972 13.4429 13.4888 13.5349 13.5812 13.6279 13.6747 13.7219 13.7694 13.8173 13.8654 13.914 13.9629 14.0123 14.062 14.1122 14.1629 14.214 14.2655 14.3176 14.3702 14.4233 14.4769 14.5311 14.5859 14.6412 14.6971 14.7536 14.8108 14.8686 14.927 14.986 15.0457 15.1061 15.1672 15.2289 15.2914 15.3545 15.4184 15.483 15.5484 15.6144 15.6813 15.7488 15.8172 15.8863 15.9562 16.0268 16.0982 16.1704 16.2434 16.3172 16.3918 16.4671 16.5433 16.6202 16.698 16.7765 16.8558 16.9359 17.0168 17.0985 17.181 17.2642 17.3482 17.433 17.5186 17.6049 17.692 17.7798 17.8684 17.9577 18.0477 18.1385 18.23 18.3222 18.415 18.5086 18.6028 18.6977 18.7933 18.8895 18.9863 19.0837 19.1818 19.2804 19.3796 19.4794 19.5797 19.6806 19.782 19.8839 19.9863 20.0892 20.1926 20.2964 20.4007 20.5054 20.6104 20.7159 20.8218 20.928 21.0345 21.1414 21.2486 21.3561 21.4639 21.5719 21.6802 21.7887 21.8974 22.0063 22.1154 22.2247 22.3341 22.4435 22.5531 22.6628 22.7726 22.8823 
