10 10.0787 10.1575 10.2362 10.315 10.3937 10.4724 10.5512 10.6299 10.7087 10.7874 10.8661 10.9449 11.0236 11.1024 11.1811 11.2598 11.3386 11.4173 11.4961 11.5748 11.6535 11.7323 11.811 11.8898 11.9685 12.0472 12.126 12.2047 12.2835 12.3622 12.4409 12.5197 12.5984 12.6772 12.7559 12.8346 12.9134 12.9921 13.0709 13.1496 13.2283 13.3071 13.3858 13.4646 13.5433 13.622 13.7008 13.7795 13.8583 13.937 14.0157 14.0945 14.1732 14.252 14.3307 14.4094 14.4882 14.5669 14.6457 14.7244 14.8031 14.8819 14.9606 15.0394 15.1181 15.1969 15.2756 15.3543 15.4331 15.5118 15.5906 15.6693 15.748 15.8268 15.9055 15.9843 16.063 16.1417 16.2205 16.2992 16.378 16.4567 16.5354 16.6142 16.6929 16.7717 16.8504 16.9291 17.0079 17.0866 17.1654 17.2441 17.3228 17.4016 17.4803 17.5591 17.6378 17.7165 17.7953 17.874 17.9528 18.0315 18.1102 18.189 18.2677 18.3465 18.4252 18.5039 18.5827 18.6614 18.7402 18.8189 18.8976 18.9764 19.0551 19.1339 19.2126 19.2913 19.3701 19.4488 19.5276 19.6063 19.685 19.7638 19.8425 19.9213 20 
10.0787 9.8803 9.69205 9.52337 9.38081 9.26918 9.18933 9.14078 9.11996 9.12314 9.14524 9.18205 9.22929 9.28388 9.34319 9.40552 9.46961 9.53473 9.60039 9.66634 9.73243 9.79858 9.86477 9.93097 9.99717 10.0634 10.1296 10.1958 10.262 10.3282 10.3944 10.4606 10.5268 10.593 10.6592 10.7254 10.7916 10.8579 10.9241 10.9903 11.0565 11.1227 11.1889 11.2551 11.3213 11.3875 11.4537 11.5199 11.5861 11.6523 11.7185 11.7847 11.8509 11.9172 11.9834 12.0496 12.1158 12.182 12.2482 12.3144 12.3806 12.4468 12.513 12.5792 12.6454 12.7116 12.7778 12.844 12.9103 12.9765 13.0427 13.1089 13.1751 13.2413 13.3075 13.3737 13.4399 13.5061 13.5723 13.6385 13.7047 13.7709 13.8371 13.9033 13.9696 14.0358 14.102 14.1682 14.2344 14.3006 14.3668 14.433 14.4992 14.5654 14.6316 14.6978 14.764 14.8302 14.8964 14.9627 15.0289 15.0951 15.1613 15.2275 15.2937 15.3599 15.4262 15.4925 15.5589 15.6256 15.6929 15.7612 15.8316 15.9053 15.985 16.0739 16.1772 16.3008 16.4532 16.6425 16.8787 17.169 17.5205 17.9339 18.4078 18.9327 19.4958 20.0787 
10.1575 9.69205 9.24699 8.83967 8.48459 8.18913 7.95724 7.78567 7.66954 7.59966 7.56762 7.56389 7.58103 7.6123 7.65302 7.69954 7.74958 7.8016 7.85471 7.90836 7.9623 8.01637 8.07049 8.12464 8.1788 8.23296 8.28712 8.34129 8.39545 8.44962 8.50378 8.55794 8.61211 8.66627 8.72044 8.7746 8.82876 8.88293 8.93709 8.99126 9.04542 9.09959 9.15375 9.20791 9.26208 9.31624 9.37041 9.42457 9.47874 9.5329 9.58706 9.64123 9.69539 9.74956 9.80372 9.85788 9.91205 9.96621 10.0204 10.0745 10.1287 10.1829 10.237 10.2912 10.3454 10.3995 10.4537 10.5079 10.562 10.6162 10.6703 10.7245 10.7787 10.8328 10.887 10.9412 10.9953 11.0495 11.1037 11.1578 11.212 11.2662 11.3203 11.3745 11.4286 11.4828 11.537 11.5911 11.6453 11.6995 11.7536 11.8078 11.862 11.9161 11.9703 12.0245 12.0786 12.1328 12.1869 12.2411 12.2953 12.3494 12.4036 12.4578 12.5119 12.5661 12.6204 12.6747 12.7294 12.7845 12.8407 12.8991 12.9613 13.0304 13.1108 13.2097 13.3362 13.5034 13.7259 14.0222 14.4088 14.9037 15.5162 16.2528 17.1058 18.0607 19.0892 20.1575 
10.2362 9.52337 8.83967 8.21187 7.65882 7.19408 6.82025 6.53576 6.33053 6.19379 6.11112 6.07036 6.05941 6.06936 6.09279 6.1248 6.16184 6.20179 6.2433 6.28562 6.32834 6.37124 6.41423 6.45726 6.5003 6.54334 6.58639 6.62944 6.67249 6.71554 6.75858 6.80163 6.84468 6.88773 6.93078 6.97383 7.01687 7.05992 7.10297 7.14602 7.18907 7.23212 7.27516 7.31821 7.36126 7.40431 7.44736 7.49041 7.53345 7.5765 7.61955 7.6626 7.70565 7.7487 7.79174 7.83479 7.87784 7.92089 7.96394 8.00698 8.05003 8.09308 8.13613 8.17918 8.22223 8.26527 8.30832 8.35137 8.39442 8.43747 8.48052 8.52356 8.56661 8.60966 8.65271 8.69576 8.73881 8.78185 8.8249 8.86795 8.911 8.95405 8.9971 9.04014 9.08319 9.12624 9.16929 9.21234 9.25539 9.29843 9.34148 9.38453 9.42758 9.47063 9.51368 9.55672 9.59977 9.64282 9.68587 9.72892 9.77197 9.81501 9.85806 9.90112 9.94418 9.98728 10.0304 10.0738 10.1175 10.1619 10.208 10.2571 10.3119 10.3765 10.4578 10.5654 10.7139 10.9204 11.2088 11.6025 12.1299 12.8119 13.668 14.7015 15.9072 17.2586 18.719 20.2362 
10.315 9.38081 8.48459 7.65882 6.93029 6.31301 5.814 5.42749 5.14406 4.94683 4.8199 4.74567 4.71018 4.70095 4.70923 4.72828 4.75385 4.78308 4.81432 4.84658 4.87935 4.91236 4.94548 4.97864 5.01182 5.04501 5.0782 5.11139 5.14458 5.17777 5.21096 5.24415 5.27734 5.31053 5.34372 5.37691 5.4101 5.44329 5.47648 5.50968 5.54287 5.57606 5.60925 5.64244 5.67563 5.70882 5.74201 5.7752 5.80839 5.84158 5.87477 5.90796 5.94116 5.97435 6.00754 6.04073 6.07392 6.10711 6.1403 6.17349 6.20668 6.23987 6.27306 6.30625 6.33945 6.37264 6.40583 6.43902 6.47221 6.5054 6.53859 6.57178 6.60497 6.63816 6.67135 6.70454 6.73774 6.77093 6.80412 6.83731 6.8705 6.90369 6.93688 6.97007 7.00326 7.03645 7.06964 7.10283 7.13603 7.16922 7.20241 7.2356 7.26879 7.30198 7.33517 7.36836 7.40155 7.43474 7.46793 7.50112 7.53432 7.56751 7.6007 7.6339 7.66711 7.70036 7.73369 7.76724 7.80125 7.83625 7.87325 7.91417 7.96221 8.02298 8.10474 8.22062 8.38768 8.63025 8.97549 9.45773 10.1079 10.9589 12.029 13.3295 14.8467 16.5534 18.3972 20.315 
10.3937 9.26918 8.18913 7.19408 6.31301 5.56615 4.95788 4.48526 4.13339 3.88542 3.71973 3.61753 3.56064 3.53537 3.53054 3.53867 3.55442 3.57455 3.59703 3.62073 3.64503 3.66961 3.69431 3.71907 3.74385 3.76864 3.79344 3.81823 3.84302 3.86782 3.89261 3.9174 3.9422 3.96699 3.99178 4.01658 4.04137 4.06617 4.09096 4.11575 4.14055 4.16534 4.19013 4.21493 4.23972 4.26452 4.28931 4.3141 4.3389 4.36369 4.38848 4.41328 4.43807 4.46286 4.48766 4.51245 4.53725 4.56204 4.58683 4.61163 4.63642 4.66121 4.68601 4.7108 4.7356 4.76039 4.78518 4.80998 4.83477 4.85956 4.88436 4.90915 4.93394 4.95874 4.98353 5.00833 5.03312 5.05791 5.08271 5.1075 5.13229 5.15709 5.18188 5.20668 5.23147 5.25626 5.28106 5.30585 5.33064 5.35544 5.38023 5.40502 5.42982 5.45461 5.47941 5.5042 5.52899 5.55379 5.57858 5.60337 5.62817 5.65296 5.67776 5.70256 5.72738 5.75224 5.77721 5.80241 5.82817 5.85509 5.8844 5.91827 5.96069 6.01792 6.10038 6.22263 6.40643 6.67838 7.07389 7.62946 8.38724 9.37985 10.6364 12.1625 13.9498 15.9587 18.1329 20.3937 
10.4724 9.18933 7.95724 6.82025 5.814 4.95788 4.26067 3.71515 3.30801 3.01699 2.82022 2.69435 2.62033 2.58159 2.56623 2.56531 2.57308 2.58574 2.60106 2.61776 2.63513 2.65281 2.67063 2.68852 2.70643 2.72435 2.74227 2.76019 2.77811 2.79604 2.81396 2.83188 2.84981 2.86773 2.88565 2.90358 2.9215 2.93942 2.95735 2.97527 2.99319 3.01112 3.02904 3.04696 3.06489 3.08281 3.10073 3.11866 3.13658 3.1545 3.17243 3.19035 3.20827 3.2262 3.24412 3.26204 3.27997 3.29789 3.31581 3.33374 3.35166 3.36958 3.38751 3.40543 3.42335 3.44128 3.4592 3.47712 3.49505 3.51297 3.53089 3.54882 3.56674 3.58466 3.60259 3.62051 3.63843 3.65636 3.67428 3.6922 3.71013 3.72805 3.74597 3.7639 3.78182 3.79974 3.81767 3.83559 3.85351 3.87144 3.88936 3.90728 3.92521 3.94313 3.96105 3.97898 3.9969 4.01482 4.03275 4.05067 4.06859 4.08652 4.10444 4.12238 4.14033 4.15833 4.17644 4.19483 4.21383 4.23415 4.25712 4.28528 4.32293 4.37749 4.46009 4.58813 4.78469 5.08202 5.51703 6.13515 6.97875 8.09118 9.49814 11.2138 13.2209 15.482 17.9277 20.4724 
10.5512 9.14078 7.78567 6.53576 5.42749 4.48526 3.71515 3.11274 2.66013 2.33583 2.11349 1.96943 1.88142 1.83233 1.80849 1.80056 1.802 1.80882 1.81851 1.82971 1.84163 1.8539 1.86632 1.8788 1.89131 1.90383 1.91635 1.92888 1.9414 1.95393 1.96645 1.97898 1.9915 2.00403 2.01655 2.02908 2.0416 2.05413 2.06665 2.07918 2.0917 2.10423 2.11675 2.12928 2.1418 2.15433 2.16685 2.17938 2.1919 2.20443 2.21695 2.22948 2.24201 2.25453 2.26706 2.27958 2.29211 2.30463 2.31716 2.32968 2.34221 2.35473 2.36726 2.37978 2.39231 2.40483 2.41736 2.42988 2.44241 2.45493 2.46746 2.47998 2.49251 2.50503 2.51756 2.53008 2.54261 2.55513 2.56766 2.58018 2.59271 2.60524 2.61776 2.63029 2.64281 2.65534 2.66786 2.68039 2.69291 2.70544 2.71796 2.73049 2.74301 2.75554 2.76806 2.78059 2.79311 2.80564 2.81816 2.83069 2.84321 2.85574 2.86827 2.8808 2.89336 2.90597 2.9187 2.93172 2.94542 2.96053 2.97854 3.00214 3.03616 3.08836 3.17143 3.30344 3.51091 3.82703 4.29495 4.96048 5.87477 7.07938 8.6091 10.4723 12.6574 15.117 17.7805 20.5512 
10.6299 9.11996 7.66954 6.33053 5.14406 4.13339 3.30801 2.66013 2.17345 1.82249 1.58118 1.42263 1.3243 1.26707 1.23695 1.22361 1.22033 1.22271 1.22817 1.23521 1.24303 1.25121 1.25955 1.26796 1.27639 1.28484 1.29329 1.30174 1.3102 1.31865 1.3271 1.33556 1.34401 1.35246 1.36091 1.36937 1.37782 1.38627 1.39473 1.40318 1.41163 1.42008 1.42854 1.43699 1.44544 1.4539 1.46235 1.4708 1.47925 1.48771 1.49616 1.50461 1.51307 1.52152 1.52997 1.53842 1.54688 1.55533 1.56378 1.57224 1.58069 1.58914 1.59759 1.60605 1.6145 1.62295 1.63141 1.63986 1.64831 1.65676 1.66522 1.67367 1.68212 1.69058 1.69903 1.70748 1.71593 1.72439 1.73284 1.74129 1.74975 1.7582 1.76665 1.7751 1.78356 1.79201 1.80046 1.80892 1.81737 1.82582 1.83428 1.84273 1.85118 1.85963 1.86809 1.87654 1.88499 1.89345 1.9019 1.91035 1.9188 1.92726 1.93572 1.94418 1.95266 1.9612 1.96987 1.97885 1.98854 1.99973 2.01397 2.03418 2.06534 2.11596 2.19905 2.33458 2.5496 2.88114 3.37272 4.0764 5.04254 6.32049 7.94163 9.92116 12.2406 14.855 17.6849 20.6299 
10.7087 9.12314 7.59966 6.19379 4.94683 3.88542 3.01699 2.33583 1.82249 1.45228 1.19615 1.02724 0.920949 0.857934 0.823078 0.805879 0.799117 0.798303 0.800683 0.804717 0.809557 0.814777 0.820164 0.825623 0.83111 0.836608 0.84211 0.847614 0.853117 0.858621 0.864125 0.869629 0.875133 0.880637 0.886141 0.891645 0.897149 0.902653 0.908157 0.913661 0.919165 0.924669 0.930173 0.935677 0.941181 0.946685 0.952189 0.957693 0.963197 0.968701 0.974205 0.979709 0.985213 0.990717 0.996221 1.00172 1.00723 1.01273 1.01824 1.02374 1.02924 1.03475 1.04025 1.04576 1.05126 1.05676 1.06227 1.06777 1.07328 1.07878 1.08428 1.08979 1.09529 1.1008 1.1063 1.1118 1.11731 1.12281 1.12832 1.13382 1.13932 1.14483 1.15033 1.15584 1.16134 1.16684 1.17235 1.17785 1.18336 1.18886 1.19436 1.19987 1.20537 1.21088 1.21638 1.22188 1.22739 1.23289 1.2384 1.2439 1.2494 1.25491 1.26042 1.26593 1.27147 1.27706 1.28279 1.28884 1.29563 1.30397 1.3155 1.3332 1.36238 1.4117 1.49509 1.63282 1.85405 2.1961 2.70642 3.43681 4.44335 5.7736 7.46514 9.52889 11.9506 14.6788 17.6339 20.7087 
10.7874 9.14524 7.56762 6.11112 4.8199 3.71973 2.82022 2.11349 1.58118 1.19615 0.929646 0.752826 0.641024 0.573697 0.535582 0.515601 0.506437 0.503374 0.503619 0.505559 0.508333 0.511495 0.51483 0.518238 0.521676 0.525125 0.528577 0.532031 0.535486 0.538941 0.542395 0.54585 0.549305 0.55276 0.556214 0.559669 0.563124 0.566579 0.570033 0.573488 0.576943 0.580398 0.583852 0.587307 0.590762 0.594217 0.597671 0.601126 0.604581 0.608036 0.61149 0.614945 0.6184 0.621855 0.625309 0.628764 0.632219 0.635674 0.639128 0.642583 0.646038 0.649493 0.652947 0.656402 0.659857 0.663312 0.666766 0.670221 0.673676 0.677131 0.680585 0.68404 0.687495 0.69095 0.694404 0.697859 0.701314 0.704768 0.708223 0.711678 0.715133 0.718587 0.722042 0.725497 0.728952 0.732406 0.735861 0.739316 0.742771 0.746225 0.74968 0.753135 0.75659 0.760044 0.763499 0.766954 0.770409 0.773863 0.777318 0.780773 0.784228 0.787684 0.791143 0.794609 0.798097 0.801642 0.805327 0.809344 0.814109 0.82048 0.830113 0.846112 0.873853 0.922411 1.00586 1.14552 1.37076 1.7211 2.24399 2.99492 4.02917 5.39903 7.1397 9.26643 11.7607 14.5729 17.6181 20.7874 
10.8661 9.18205 7.56389 6.07036 4.74567 3.61753 2.69435 1.96943 1.42263 1.02724 0.752826 0.570581 0.454668 0.384433 0.343984 0.322145 0.311329 0.30677 0.305578 0.306123 0.307517 0.309307 0.311274 0.313315 0.315386 0.317469 0.319555 0.321643 0.323732 0.32582 0.327909 0.329997 0.332086 0.334175 0.336263 0.338352 0.34044 0.342529 0.344618 0.346706 0.348795 0.350883 0.352972 0.35506 0.357149 0.359238 0.361326 0.363415 0.365503 0.367592 0.369681 0.371769 0.373858 0.375946 0.378035 0.380124 0.382212 0.384301 0.386389 0.388478 0.390567 0.392655 0.394744 0.396832 0.398921 0.401009 0.403098 0.405187 0.407275 0.409364 0.411452 0.413541 0.41563 0.417718 0.419807 0.421895 0.423984 0.426073 0.428161 0.43025 0.432338 0.434427 0.436516 0.438604 0.440693 0.442781 0.44487 0.446958 0.449047 0.451136 0.453224 0.455313 0.457401 0.45949 0.461579 0.463667 0.465756 0.467844 0.469933 0.472022 0.474111 0.476201 0.478293 0.480394 0.482516 0.484695 0.487018 0.489678 0.4931 0.498151 0.506534 0.521379 0.54823 0.596228 0.679933 0.82078 1.04926 1.40499 1.93754 2.70214 3.75723 5.15394 6.93101 9.10117 11.6484 14.5194 17.6296 20.8661 
10.9449 9.22929 7.58103 6.05941 4.71018 3.56064 2.62033 1.88142 1.3243 0.920949 0.641024 0.454668 0.335961 0.263609 0.221619 0.198506 0.186622 0.181081 0.178969 0.178617 0.179127 0.18004 0.181132 0.182299 0.183496 0.184705 0.185918 0.187133 0.188348 0.189563 0.190778 0.191993 0.193208 0.194423 0.195639 0.196854 0.198069 0.199284 0.200499 0.201714 0.20293 0.204145 0.20536 0.206575 0.20779 0.209005 0.21022 0.211436 0.212651 0.213866 0.215081 0.216296 0.217511 0.218726 0.219942 0.221157 0.222372 0.223587 0.224802 0.226017 0.227232 0.228448 0.229663 0.230878 0.232093 0.233308 0.234523 0.235738 0.236954 0.238169 0.239384 0.240599 0.241814 0.243029 0.244245 0.24546 0.246675 0.24789 0.249105 0.25032 0.251535 0.252751 0.253966 0.255181 0.256396 0.257611 0.258826 0.260041 0.261257 0.262472 0.263687 0.264902 0.266117 0.267332 0.268547 0.269763 0.270978 0.272193 0.273408 0.274623 0.275839 0.277055 0.278274 0.279502 0.280751 0.282058 0.283509 0.285302 0.287865 0.292079 0.299659 0.313797 0.340068 0.387816 0.47167 0.613594 0.844173 1.20414 1.74304 2.51801 3.58703 5.00371 6.80553 9.00748 11.5913 14.5048 17.6605 20.9449 
11.0236 9.28388 7.6123 6.06936 4.70095 3.53537 2.58159 1.83233 1.26707 0.857934 0.573697 0.384433 0.263609 0.189819 0.146737 0.1228 0.110217 0.104064 0.101376 0.100471 0.100438 0.100813 0.101368 0.101999 0.102661 0.103334 0.104012 0.104691 0.105371 0.10605 0.10673 0.10741 0.10809 0.10877 0.109449 0.110129 0.110809 0.111489 0.112169 0.112848 0.113528 0.114208 0.114888 0.115568 0.116248 0.116927 0.117607 0.118287 0.118967 0.119647 0.120326 0.121006 0.121686 0.122366 0.123046 0.123725 0.124405 0.125085 0.125765 0.126445 0.127124 0.127804 0.128484 0.129164 0.129844 0.130524 0.131203 0.131883 0.132563 0.133243 0.133923 0.134602 0.135282 0.135962 0.136642 0.137322 0.138001 0.138681 0.139361 0.140041 0.140721 0.1414 0.14208 0.14276 0.14344 0.14412 0.1448 0.145479 0.146159 0.146839 0.147519 0.148199 0.148878 0.149558 0.150238 0.150918 0.151598 0.152277 0.152957 0.153637 0.154317 0.154998 0.155682 0.156374 0.157088 0.157861 0.158778 0.16004 0.162079 0.16578 0.172882 0.186589 0.212558 0.260171 0.344288 0.486949 0.719281 1.08209 1.62596 2.40794 3.48756 4.91793 6.73822 8.96226 11.573 14.5164 17.705 21.0236 
11.1024 9.34319 7.65302 6.09279 4.70923 3.53054 2.56623 1.80849 1.23695 0.823078 0.535582 0.343984 0.221619 0.146737 0.102909 0.078407 0.0653822 0.0588469 0.0558134 0.0545788 0.0542253 0.0542825 0.054522 0.0548384 0.0551857 0.0555448 0.055908 0.0562728 0.056638 0.0570033 0.0573687 0.0577341 0.0580995 0.0584649 0.0588303 0.0591957 0.0595612 0.0599266 0.060292 0.0606574 0.0610228 0.0613882 0.0617536 0.062119 0.0624844 0.0628498 0.0632152 0.0635806 0.063946 0.0643114 0.0646768 0.0650422 0.0654076 0.0657731 0.0661385 0.0665039 0.0668693 0.0672347 0.0676001 0.0679655 0.0683309 0.0686963 0.0690617 0.0694271 0.0697925 0.0701579 0.0705233 0.0708887 0.0712541 0.0716195 0.0719849 0.0723504 0.0727158 0.0730812 0.0734466 0.073812 0.0741774 0.0745428 0.0749082 0.0752736 0.075639 0.0760044 0.0763698 0.0767352 0.0771006 0.077466 0.0778314 0.0781968 0.0785623 0.0789277 0.0792931 0.0796585 0.0800239 0.0803893 0.0807547 0.0811201 0.0814855 0.0818509 0.0822164 0.0825819 0.0829477 0.0833143 0.0836838 0.0840613 0.0844611 0.0849196 0.0855243 0.0864754 0.0882071 0.0916135 0.0984383 0.111918 0.137731 0.185356 0.269705 0.413071 0.64667 1.01184 1.55923 2.34679 3.43395 4.87495 6.70849 8.9494 11.5796 14.5455 17.7584 21.1024 
11.1811 9.40552 7.69954 6.1248 4.72828 3.53867 2.56531 1.80056 1.22361 0.805879 0.515601 0.322145 0.198506 0.1228 0.078407 0.0535183 0.0402009 0.0334318 0.0301928 0.0287683 0.028232 0.0281099 0.0281716 0.0283108 0.0284811 0.0286632 0.0288496 0.0290375 0.0292259 0.0294144 0.0296029 0.0297915 0.02998 0.0301686 0.0303571 0.0305457 0.0307342 0.0309228 0.0311113 0.0312999 0.0314884 0.031677 0.0318655 0.0320541 0.0322426 0.0324312 0.0326198 0.0328083 0.0329969 0.0331854 0.033374 0.0335625 0.0337511 0.0339396 0.0341282 0.0343167 0.0345053 0.0346938 0.0348824 0.0350709 0.0352595 0.0354481 0.0356366 0.0358252 0.0360137 0.0362023 0.0363908 0.0365794 0.0367679 0.0369565 0.037145 0.0373336 0.0375221 0.0377107 0.0378993 0.0380878 0.0382764 0.0384649 0.0386535 0.038842 0.0390306 0.0392191 0.0394077 0.0395962 0.0397848 0.0399733 0.0401619 0.0403504 0.040539 0.0407276 0.0409161 0.0411047 0.0412932 0.0414818 0.0416703 0.0418589 0.0420474 0.042236 0.0424246 0.0426132 0.0428022 0.042992 0.0431846 0.0433853 0.0436085 0.0438905 0.0443194 0.0450964 0.046658 0.049902 0.0565834 0.0699513 0.0957234 0.143414 0.22805 0.371997 0.60674 0.973725 1.52411 2.31591 3.40928 4.85837 6.70261 8.95643 11.6022 14.5855 17.8174 21.1811 
11.2598 9.46961 7.74958 6.16184 4.75385 3.55442 2.57308 1.802 1.22033 0.799117 0.506437 0.311329 0.186622 0.110217 0.0653822 0.0402009 0.0266848 0.0197665 0.0164063 0.0148742 0.0142373 0.0140177 0.0139832 0.0140268 0.0141017 0.0141886 0.0142797 0.0143724 0.0144655 0.0145588 0.0146521 0.0147454 0.0148387 0.014932 0.0150254 0.0151187 0.015212 0.0153054 0.0153987 0.015492 0.0155853 0.0156787 0.015772 0.0158653 0.0159586 0.016052 0.0161453 0.0162386 0.0163319 0.0164253 0.0165186 0.0166119 0.0167052 0.0167986 0.0168919 0.0169852 0.0170785 0.0171719 0.0172652 0.0173585 0.0174518 0.0175452 0.0176385 0.0177318 0.0178251 0.0179185 0.0180118 0.0181051 0.0181984 0.0182918 0.0183851 0.0184784 0.0185717 0.0186651 0.0187584 0.0188517 0.018945 0.0190384 0.0191317 0.019225 0.0193183 0.0194117 0.019505 0.0195983 0.0196916 0.019785 0.0198783 0.0199716 0.0200649 0.0201583 0.0202516 0.0203449 0.0204382 0.0205316 0.0206249 0.0207182 0.0208115 0.0209049 0.0209982 0.0210917 0.0211854 0.02128 0.0213774 0.0214829 0.0216109 0.0217981 0.0221328 0.0228171 0.0242892 0.0274513 0.034065 0.0473968 0.0731853 0.120998 0.205916 0.350442 0.586161 0.954797 1.50765 2.30318 3.40164 4.85771 6.71074 8.97553 11.6341 14.632 17.8796 21.2598 
11.3386 9.53473 7.8016 6.20179 4.78308 3.57455 2.58574 1.80882 1.22271 0.798303 0.503374 0.30677 0.181081 0.104064 0.0588469 0.0334318 0.0197665 0.0127482 0.00931372 0.00772093 0.00702967 0.00675872 0.00667422 0.00666842 0.00669417 0.00673193 0.00677403 0.00681761 0.00686167 0.00690589 0.00695014 0.0069944 0.00703867 0.00708294 0.00712721 0.00717148 0.00721574 0.00726001 0.00730428 0.00734855 0.00739282 0.00743709 0.00748135 0.00752562 0.00756989 0.00761416 0.00765843 0.0077027 0.00774696 0.00779123 0.0078355 0.00787977 0.00792404 0.00796831 0.00801257 0.00805684 0.00810111 0.00814538 0.00818965 0.00823392 0.00827818 0.00832245 0.00836672 0.00841099 0.00845526 0.00849953 0.00854379 0.00858806 0.00863233 0.0086766 0.00872087 0.00876514 0.0088094 0.00885367 0.00889794 0.00894221 0.00898648 0.00903075 0.00907502 0.00911928 0.00916355 0.00920782 0.00925209 0.00929636 0.00934063 0.00938489 0.00942916 0.00947343 0.0095177 0.00956197 0.00960624 0.0096505 0.00969477 0.00973904 0.00978331 0.00982758 0.00987185 0.00991612 0.00996042 0.0100048 0.0100495 0.010095 0.0101434 0.0101999 0.010279 0.0104175 0.0107041 0.0113416 0.0127701 0.0158951 0.0224861 0.0358215 0.0616662 0.109623 0.194844 0.339911 0.576572 0.946689 1.50184 2.30066 3.40378 4.86598 6.72695 9.00138 11.6714 14.6821 17.9438 21.3386 
11.4173 9.60039 7.85471 6.2433 4.81432 3.59703 2.60106 1.81851 1.22817 0.800683 0.503619 0.305578 0.178969 0.101376 0.0558134 0.0301928 0.0164063 0.00931372 0.00583057 0.00420205 0.00348147 0.00318413 0.00307458 0.00304426 0.00304572 0.00305927 0.00307719 0.00309661 0.00311651 0.00313656 0.00315665 0.00317675 0.00319685 0.00321696 0.00323706 0.00325717 0.00327728 0.00329738 0.00331749 0.00333759 0.0033577 0.00337781 0.00339791 0.00341802 0.00343812 0.00345823 0.00347834 0.00349844 0.00351855 0.00353865 0.00355876 0.00357887 0.00359897 0.00361908 0.00363918 0.00365929 0.0036794 0.0036995 0.00371961 0.00373971 0.00375982 0.00377993 0.00380003 0.00382014 0.00384024 0.00386035 0.00388046 0.00390056 0.00392067 0.00394077 0.00396088 0.00398099 0.00400109 0.0040212 0.0040413 0.00406141 0.00408152 0.00410162 0.00412173 0.00414183 0.00416194 0.00418205 0.00420215 0.00422226 0.00424236 0.00426247 0.00428258 0.00430268 0.00432279 0.00434289 0.004363 0.00438311 0.00440321 0.00442332 0.00444342 0.00446353 0.00448364 0.00450375 0.00452389 0.0045441 0.00456459 0.00458599 0.0046102 0.0046426 0.00469769 0.00481238 0.00507571 0.0056913 0.00710082 0.0102135 0.0168052 0.0301676 0.0560868 0.104205 0.189731 0.335342 0.572898 0.944449 1.50175 2.30371 3.41115 4.87915 6.74746 9.03096 11.7115 14.7343 18.009 21.4173 
11.4961 9.66634 7.90836 6.28562 4.84658 3.62073 2.61776 1.82971 1.23521 0.804717 0.505559 0.306123 0.178617 0.100471 0.0545788 0.0287683 0.0148742 0.00772093 0.00420205 0.00255073 0.00181364 0.00150274 0.00138091 0.00133888 0.00132883 0.00133097 0.00133751 0.00134555 0.00135408 0.00136275 0.00137147 0.0013802 0.00138894 0.00139767 0.00140641 0.00141514 0.00142388 0.00143262 0.00144135 0.00145009 0.00145882 0.00146756 0.00147629 0.00148503 0.00149376 0.0015025 0.00151123 0.00151997 0.00152871 0.00153744 0.00154618 0.00155491 0.00156365 0.00157238 0.00158112 0.00158985 0.00159859 0.00160732 0.00161606 0.0016248 0.00163353 0.00164227 0.001651 0.00165974 0.00166847 0.00167721 0.00168594 0.00169468 0.00170342 0.00171215 0.00172089 0.00172962 0.00173836 0.00174709 0.00175583 0.00176456 0.0017733 0.00178203 0.00179077 0.00179951 0.00180824 0.00181698 0.00182571 0.00183445 0.00184318 0.00185192 0.00186065 0.00186939 0.00187812 0.00188686 0.0018956 0.00190433 0.00191307 0.0019218 0.00193054 0.00193927 0.00194801 0.00195675 0.00196552 0.00197436 0.00198349 0.00199352 0.00200637 0.00202744 0.00207129 0.00217496 0.00242782 0.00303424 0.00443757 0.00755037 0.0141553 0.027556 0.053561 0.101848 0.187685 0.333831 0.572274 0.945215 1.50462 2.30961 3.42125 4.89481 6.77025 9.06243 11.7532 14.7876 18.0747 21.4961 
11.5748 9.73243 7.9623 6.32834 4.87935 3.64503 2.63513 1.84163 1.24303 0.809557 0.508333 0.307517 0.179127 0.100438 0.0542253 0.028232 0.0142373 0.00702967 0.00348147 0.00181364 0.00106632 0.000748118 0.000620292 0.000572798 0.000557517 0.000554501 0.000555913 0.000558841 0.000562259 0.000565827 0.000569438 0.000573061 0.000576687 0.000580314 0.000583941 0.000587568 0.000591195 0.000594822 0.000598449 0.000602076 0.000605703 0.00060933 0.000612957 0.000616584 0.000620211 0.000623838 0.000627465 0.000631092 0.000634719 0.000638345 0.000641972 0.000645599 0.000649226 0.000652853 0.00065648 0.000660107 0.000663734 0.000667361 0.000670988 0.000674615 0.000678242 0.000681869 0.000685496 0.000689123 0.00069275 0.000696377 0.000700004 0.000703631 0.000707258 0.000710885 0.000714512 0.000718139 0.000721766 0.000725393 0.00072902 0.000732647 0.000736273 0.0007399 0.000743527 0.000747154 0.000750781 0.000754408 0.000758035 0.000761662 0.000765289 0.000768916 0.000772543 0.00077617 0.000779797 0.000783424 0.000787051 0.000790678 0.000794305 0.000797932 0.000801559 0.000805186 0.000808815 0.000812449 0.000816105 0.000819842 0.000823858 0.000828789 0.000836543 0.000852553 0.000891423 0.000990336 0.00123899 0.00184249 0.00324584 0.00636496 0.012989 0.0264341 0.0525298 0.10099 0.187139 0.333821 0.573142 0.947462 1.50894 2.31691 3.43268 4.91172 6.79413 9.09484 11.7957 14.8413 18.1407 21.5748 
11.6535 9.79858 8.01637 6.37124 4.91236 3.66961 2.65281 1.8539 1.25121 0.814777 0.511495 0.309307 0.18004 0.100813 0.0542825 0.0281099 0.0140177 0.00675872 0.00318413 0.00150274 0.000748118 0.000425531 0.000294621 0.00024459 0.000226991 0.00022174 0.000220948 0.000221682 0.000222909 0.000224287 0.000225709 0.000227143 0.00022858 0.000230017 0.000231455 0.000232892 0.00023433 0.000235767 0.000237205 0.000238643 0.00024008 0.000241518 0.000242955 0.000244393 0.000245831 0.000247268 0.000248706 0.000250144 0.000251581 0.000253019 0.000254456 0.000255894 0.000257332 0.000258769 0.000260207 0.000261644 0.000263082 0.00026452 0.000265957 0.000267395 0.000268832 0.00027027 0.000271708 0.000273145 0.000274583 0.00027602 0.000277458 0.000278896 0.000280333 0.000281771 0.000283208 0.000284646 0.000286084 0.000287521 0.000288959 0.000290396 0.000291834 0.000293272 0.000294709 0.000296147 0.000297585 0.000299022 0.00030046 0.000301897 0.000303335 0.000304773 0.00030621 0.000307648 0.000309085 0.000310523 0.000311961 0.000313398 0.000314836 0.000316273 0.000317711 0.000319149 0.000320588 0.000322033 0.0003235 0.000325048 0.000326876 0.000329622 0.000335202 0.000349068 0.000385877 0.000482949 0.000730304 0.00133381 0.00274009 0.00586841 0.0125145 0.0260065 0.0521956 0.100831 0.187293 0.334511 0.574707 0.950397 1.51393 2.32487 3.44473 4.9292 6.81853 9.1277 11.8385 14.8953 18.2068 21.6535 
11.7323 9.86477 8.07049 6.41423 4.94548 3.69431 2.67063 1.86632 1.25955 0.820164 0.51483 0.311274 0.181132 0.101368 0.054522 0.0281716 0.0139832 0.00667422 0.00307458 0.00138091 0.000620292 0.000294621 0.000161922 0.000110649 9.20272e-05 8.58369e-05 8.41357e-05 8.39702e-05 8.43019e-05 8.47855e-05 8.5313e-05 8.58524e-05 8.63948e-05 8.6938e-05 8.74813e-05 8.80247e-05 8.8568e-05 8.91114e-05 8.96548e-05 9.01981e-05 9.07415e-05 9.12848e-05 9.18282e-05 9.23716e-05 9.29149e-05 9.34583e-05 9.40016e-05 9.4545e-05 9.50884e-05 9.56317e-05 9.61751e-05 9.67185e-05 9.72618e-05 9.78052e-05 9.83485e-05 9.88919e-05 9.94353e-05 9.99786e-05 0.000100522 0.000101065 0.000101609 0.000102152 0.000102695 0.000103239 0.000103782 0.000104326 0.000104869 0.000105412 0.000105956 0.000106499 0.000107042 0.000107586 0.000108129 0.000108672 0.000109216 0.000109759 0.000110303 0.000110846 0.000111389 0.000111933 0.000112476 0.000113019 0.000113563 0.000114106 0.000114649 0.000115193 0.000115736 0.000116279 0.000116823 0.000117366 0.00011791 0.000118453 0.000118996 0.00011954 0.000120083 0.000120627 0.000121172 0.000121723 0.000122295 0.000122949 0.000123885 0.000125741 0.000130442 0.000143459 0.000179502 0.000276028 0.000523383 0.00112819 0.00253868 0.00567748 0.0123468 0.0258871 0.0521705 0.100982 0.187758 0.335511 0.576581 0.95364 1.51923 2.33312 3.45707 4.94695 6.84316 9.16075 11.8814 14.9494 18.273 21.7323 
11.811 9.93097 8.12464 6.45726 4.97864 3.71907 2.68852 1.8788 1.26796 0.825623 0.518238 0.313315 0.182299 0.101999 0.0548384 0.0283108 0.0140268 0.00666842 0.00304426 0.00133888 0.000572798 0.00024459 0.000110649 5.86801e-05 3.95821e-05 3.29989e-05 3.09349e-05 3.04169e-05 3.03994e-05 3.05348e-05 3.07145e-05 3.09061e-05 3.11007e-05 3.12961e-05 3.14917e-05 3.16873e-05 3.18829e-05 3.20785e-05 3.22741e-05 3.24697e-05 3.26653e-05 3.28609e-05 3.30565e-05 3.32521e-05 3.34477e-05 3.36433e-05 3.38389e-05 3.40345e-05 3.42301e-05 3.44257e-05 3.46213e-05 3.48169e-05 3.50125e-05 3.52081e-05 3.54037e-05 3.55993e-05 3.57949e-05 3.59905e-05 3.61861e-05 3.63817e-05 3.65773e-05 3.67729e-05 3.69685e-05 3.71641e-05 3.73597e-05 3.75553e-05 3.77509e-05 3.79465e-05 3.81421e-05 3.83377e-05 3.85333e-05 3.87289e-05 3.89245e-05 3.91201e-05 3.93157e-05 3.95113e-05 3.97069e-05 3.99025e-05 4.00981e-05 4.02937e-05 4.04893e-05 4.06849e-05 4.08805e-05 4.10761e-05 4.12717e-05 4.14673e-05 4.16629e-05 4.18585e-05 4.20541e-05 4.22497e-05 4.24453e-05 4.26409e-05 4.28365e-05 4.30321e-05 4.32278e-05 4.34238e-05 4.36211e-05 4.38241e-05 4.40492e-05 4.43558e-05 4.4945e-05 4.64583e-05 5.08267e-05 6.35405e-05 9.9365e-05 0.000195891 0.000443792 0.00105044 0.00246569 0.00561552 0.0123087 0.0258977 0.052276 0.101264 0.188354 0.336643 0.578587 0.957012 1.52465 2.34149 3.46951 4.9648 6.86789 9.19389 11.9244 15.0035 18.3392 21.811 
11.8898 9.99717 8.1788 6.5003 5.01182 3.74385 2.70643 1.89131 1.27639 0.83111 0.521676 0.315386 0.183496 0.102661 0.0551857 0.0284811 0.0141017 0.00669417 0.00304572 0.00132883 0.000557517 0.000226991 9.20272e-05 3.95821e-05 2.02268e-05 1.34698e-05 1.12621e-05 1.06107e-05 1.04632e-05 1.04696e-05 1.05205e-05 1.05835e-05 1.06495e-05 1.07163e-05 1.07832e-05 1.08502e-05 1.09171e-05 1.09841e-05 1.10511e-05 1.11181e-05 1.1185e-05 1.1252e-05 1.1319e-05 1.1386e-05 1.14529e-05 1.15199e-05 1.15869e-05 1.16539e-05 1.17209e-05 1.17878e-05 1.18548e-05 1.19218e-05 1.19888e-05 1.20557e-05 1.21227e-05 1.21897e-05 1.22567e-05 1.23236e-05 1.23906e-05 1.24576e-05 1.25246e-05 1.25915e-05 1.26585e-05 1.27255e-05 1.27925e-05 1.28595e-05 1.29264e-05 1.29934e-05 1.30604e-05 1.31274e-05 1.31943e-05 1.32613e-05 1.33283e-05 1.33953e-05 1.34622e-05 1.35292e-05 1.35962e-05 1.36632e-05 1.37301e-05 1.37971e-05 1.38641e-05 1.39311e-05 1.3998e-05 1.4065e-05 1.4132e-05 1.4199e-05 1.4266e-05 1.43329e-05 1.43999e-05 1.44669e-05 1.45339e-05 1.46008e-05 1.46678e-05 1.47348e-05 1.48019e-05 1.48692e-05 1.49379e-05 1.50123e-05 1.51089e-05 1.52873e-05 1.57493e-05 1.71387e-05 2.13935e-05 3.4024e-05 6.98485e-05 0.000166593 0.00041526 0.00102397 0.0024442 0.00560527 0.0123225 0.0259604 0.0524339 0.101599 0.189003 0.337827 0.580644 0.960436 1.53012 2.34992 3.48201 4.9827 6.89266 9.22706 11.9674 15.0577 18.4054 21.8898 
11.9685 10.0634 8.23296 6.54334 5.04501 3.76864 2.72435 1.90383 1.28484 0.836608 0.525125 0.317469 0.184705 0.103334 0.0555448 0.0286632 0.0141886 0.00673193 0.00305927 0.00133097 0.000554501 0.00022174 8.58369e-05 3.29989e-05 1.34698e-05 6.62235e-06 4.35439e-06 3.6531e-06 3.4589e-06 3.41976e-06 3.42535e-06 3.44309e-06 3.46392e-06 3.4855e-06 3.50724e-06 3.52902e-06 3.5508e-06 3.57258e-06 3.59437e-06 3.61615e-06 3.63793e-06 3.65972e-06 3.6815e-06 3.70329e-06 3.72507e-06 3.74685e-06 3.76864e-06 3.79042e-06 3.81221e-06 3.83399e-06 3.85577e-06 3.87756e-06 3.89934e-06 3.92113e-06 3.94291e-06 3.96469e-06 3.98648e-06 4.00826e-06 4.03005e-06 4.05183e-06 4.07361e-06 4.0954e-06 4.11718e-06 4.13897e-06 4.16075e-06 4.18253e-06 4.20432e-06 4.2261e-06 4.24789e-06 4.26967e-06 4.29145e-06 4.31324e-06 4.33502e-06 4.35681e-06 4.37859e-06 4.40038e-06 4.42216e-06 4.44394e-06 4.46573e-06 4.48751e-06 4.5093e-06 4.53108e-06 4.55286e-06 4.57465e-06 4.59643e-06 4.61822e-06 4.64e-06 4.66178e-06 4.68357e-06 4.70535e-06 4.72714e-06 4.74892e-06 4.77071e-06 4.79251e-06 4.81437e-06 4.83653e-06 4.86006e-06 4.88928e-06 4.94078e-06 5.07439e-06 5.49261e-06 6.84162e-06 1.10663e-05 2.36967e-05 5.96046e-05 0.000156652 0.000406168 0.00101702 0.00244231 0.00561471 0.012356 0.0260429 0.0526116 0.101953 0.189672 0.339031 0.582722 0.96388 1.53562 2.35836 3.49453 5.00061 6.91744 9.26024 12.0105 15.1118 18.4716 21.9685 
12.0472 10.1296 8.28712 6.58639 5.0782 3.79344 2.74227 1.91635 1.29329 0.84211 0.528577 0.319555 0.185918 0.104012 0.055908 0.0288496 0.0142797 0.00677403 0.00307719 0.00133751 0.000555913 0.000220948 8.41357e-05 3.09349e-05 1.12621e-05 4.35439e-06 2.0563e-06 1.33519e-06 1.1245e-06 1.0699e-06 1.06032e-06 1.06297e-06 1.06873e-06 1.07524e-06 1.08192e-06 1.08863e-06 1.09535e-06 1.10207e-06 1.10879e-06 1.11551e-06 1.12223e-06 1.12895e-06 1.13567e-06 1.14239e-06 1.14911e-06 1.15583e-06 1.16255e-06 1.16927e-06 1.17599e-06 1.18271e-06 1.18943e-06 1.19615e-06 1.20287e-06 1.20959e-06 1.21631e-06 1.22303e-06 1.22975e-06 1.23647e-06 1.24319e-06 1.24991e-06 1.25663e-06 1.26335e-06 1.27007e-06 1.27679e-06 1.28351e-06 1.29023e-06 1.29695e-06 1.30367e-06 1.31039e-06 1.31711e-06 1.32383e-06 1.33055e-06 1.33727e-06 1.34399e-06 1.35071e-06 1.35743e-06 1.36415e-06 1.37087e-06 1.37759e-06 1.38431e-06 1.39103e-06 1.39775e-06 1.40447e-06 1.41119e-06 1.41791e-06 1.42463e-06 1.43135e-06 1.43807e-06 1.44479e-06 1.45151e-06 1.45823e-06 1.46495e-06 1.47167e-06 1.47841e-06 1.4852e-06 1.49231e-06 1.50078e-06 1.51495e-06 1.5515e-06 1.67044e-06 2.07503e-06 3.41373e-06 7.6384e-06 2.0299e-05 5.63204e-05 0.0001537 0.000404096 0.00101712 0.00244751 0.00563126 0.0123967 0.0261327 0.0527966 0.102315 0.190348 0.340243 0.584807 0.967331 1.54112 2.36681 3.50705 5.01853 6.94224 9.29343 12.0535 15.166 18.5378 22.0472 
12.126 10.1958 8.34129 6.62944 5.11139 3.81823 2.76019 1.92888 1.30174 0.847614 0.532031 0.321643 0.187133 0.104691 0.0562728 0.0290375 0.0143724 0.00681761 0.00309661 0.00134555 0.000558841 0.000221682 8.39702e-05 3.04169e-05 1.06107e-05 3.6531e-06 1.33519e-06 6.04561e-07 3.87698e-07 3.27941e-07 3.13497e-07 3.11359e-07 3.12359e-07 3.14111e-07 3.16031e-07 3.17985e-07 3.19947e-07 3.21909e-07 3.23872e-07 3.25835e-07 3.27798e-07 3.29761e-07 3.31724e-07 3.33686e-07 3.35649e-07 3.37612e-07 3.39575e-07 3.41538e-07 3.43501e-07 3.45464e-07 3.47426e-07 3.49389e-07 3.51352e-07 3.53315e-07 3.55278e-07 3.57241e-07 3.59204e-07 3.61166e-07 3.63129e-07 3.65092e-07 3.67055e-07 3.69018e-07 3.70981e-07 3.72944e-07 3.74907e-07 3.76869e-07 3.78832e-07 3.80795e-07 3.82758e-07 3.84721e-07 3.86684e-07 3.88647e-07 3.90609e-07 3.92572e-07 3.94535e-07 3.96498e-07 3.98461e-07 4.00424e-07 4.02387e-07 4.04349e-07 4.06312e-07 4.08275e-07 4.10238e-07 4.12201e-07 4.14164e-07 4.16127e-07 4.18089e-07 4.20052e-07 4.22015e-07 4.23978e-07 4.25941e-07 4.27904e-07 4.2987e-07 4.31848e-07 4.33889e-07 4.36238e-07 4.39956e-07 4.49403e-07 4.81303e-07 5.95885e-07 9.97134e-07 2.33584e-06 6.57081e-06 1.92718e-05 5.54172e-05 0.00015314 0.000404425 0.00101964 0.00245513 0.00565025 0.0124399 0.0262249 0.052984 0.10268 0.191027 0.341457 0.586895 0.970785 1.54662 2.37526 3.51957 5.03645 6.96703 9.32662 12.0966 15.2201 18.604 22.126 
12.2047 10.262 8.39545 6.67249 5.14458 3.84302 2.77811 1.9414 1.3102 0.853117 0.535486 0.323732 0.188348 0.105371 0.056638 0.0292259 0.0144655 0.00686167 0.00311651 0.00135408 0.000562259 0.000222909 8.43019e-05 3.03994e-05 1.04632e-05 3.4589e-06 1.1245e-06 3.87698e-07 1.67994e-07 1.06415e-07 9.04434e-08 8.6857e-08 8.64306e-08 8.67599e-08 8.72583e-08 8.77919e-08 8.83324e-08 8.88741e-08 8.9416e-08 8.99579e-08 9.04998e-08 9.10417e-08 9.15836e-08 9.21255e-08 9.26674e-08 9.32093e-08 9.37513e-08 9.42932e-08 9.48351e-08 9.5377e-08 9.59189e-08 9.64608e-08 9.70028e-08 9.75447e-08 9.80866e-08 9.86285e-08 9.91704e-08 9.97123e-08 1.00254e-07 1.00796e-07 1.01338e-07 1.0188e-07 1.02422e-07 1.02964e-07 1.03506e-07 1.04048e-07 1.0459e-07 1.05131e-07 1.05673e-07 1.06215e-07 1.06757e-07 1.07299e-07 1.07841e-07 1.08383e-07 1.08925e-07 1.09467e-07 1.10009e-07 1.10551e-07 1.11093e-07 1.11634e-07 1.12176e-07 1.12718e-07 1.1326e-07 1.13802e-07 1.14344e-07 1.14886e-07 1.15428e-07 1.1597e-07 1.16512e-07 1.17054e-07 1.17596e-07 1.18138e-07 1.18683e-07 1.1924e-07 1.19861e-07 1.20789e-07 1.23093e-07 1.31146e-07 1.61731e-07 2.75293e-07 6.76542e-07 2.01858e-06 6.2672e-06 1.9012e-05 5.52845e-05 0.000153354 0.000405531 0.00102293 0.00246353 0.00567002 0.0124838 0.0263179 0.0531722 0.103045 0.191707 0.342672 0.588983 0.974239 1.55212 2.38371 3.5321 5.05438 6.99182 9.35981 12.1396 15.2743 18.6702 22.2047 
12.2835 10.3282 8.44962 6.71554 5.17777 3.86782 2.79604 1.95393 1.31865 0.858621 0.538941 0.32582 0.189563 0.10605 0.0570033 0.0294144 0.0145588 0.00690589 0.00313656 0.00136275 0.000565827 0.000224287 8.47855e-05 3.05348e-05 1.04696e-05 3.41976e-06 1.0699e-06 3.27941e-07 1.06415e-07 4.40341e-08 2.75556e-08 2.35418e-08 2.27083e-08 2.26355e-08 2.27328e-08 2.28656e-08 2.30053e-08 2.31462e-08 2.32873e-08 2.34284e-08 2.35696e-08 2.37107e-08 2.38518e-08 2.3993e-08 2.41341e-08 2.42752e-08 2.44164e-08 2.45575e-08 2.46986e-08 2.48398e-08 2.49809e-08 2.5122e-08 2.52632e-08 2.54043e-08 2.55454e-08 2.56866e-08 2.58277e-08 2.59688e-08 2.611e-08 2.62511e-08 2.63923e-08 2.65334e-08 2.66745e-08 2.68157e-08 2.69568e-08 2.70979e-08 2.72391e-08 2.73802e-08 2.75213e-08 2.76625e-08 2.78036e-08 2.79447e-08 2.80859e-08 2.8227e-08 2.83681e-08 2.85093e-08 2.86504e-08 2.87915e-08 2.89327e-08 2.90738e-08 2.9215e-08 2.93561e-08 2.94972e-08 2.96384e-08 2.97795e-08 2.99206e-08 3.00618e-08 3.02029e-08 3.0344e-08 3.04852e-08 3.06264e-08 3.07679e-08 3.09118e-08 3.1068e-08 3.12887e-08 3.18179e-08 3.37271e-08 4.14057e-08 7.16966e-08 1.85258e-07 5.87527e-07 1.93392e-06 6.1972e-06 1.89868e-05 5.53875e-05 0.000153804 0.000406875 0.00102646 0.00247217 0.00569003 0.012528 0.0264111 0.0533607 0.10341 0.192386 0.343887 0.591071 0.977694 1.55763 2.39217 3.54462 5.0723 7.01661 9.393 12.1827 15.3285 18.7364 22.2835 
12.3622 10.3944 8.50378 6.75858 5.21096 3.89261 2.81396 1.96645 1.3271 0.864125 0.542395 0.327909 0.190778 0.10673 0.0573687 0.0296029 0.0146521 0.00695014 0.00315665 0.00137147 0.000569438 0.000225709 8.5313e-05 3.07145e-05 1.05205e-05 3.42535e-06 1.06032e-06 3.13497e-07 9.04434e-08 2.75556e-08 1.0864e-08 6.71702e-09 5.77076e-09 5.59005e-09 5.58055e-09 5.60675e-09 5.63986e-09 5.67422e-09 5.70878e-09 5.74338e-09 5.77797e-09 5.81257e-09 5.84717e-09 5.88177e-09 5.91637e-09 5.95097e-09 5.98557e-09 6.02016e-09 6.05476e-09 6.08936e-09 6.12396e-09 6.15856e-09 6.19316e-09 6.22776e-09 6.26235e-09 6.29695e-09 6.33155e-09 6.36615e-09 6.40075e-09 6.43535e-09 6.46995e-09 6.50455e-09 6.53914e-09 6.57374e-09 6.60834e-09 6.64294e-09 6.67754e-09 6.71214e-09 6.74674e-09 6.78133e-09 6.81593e-09 6.85053e-09 6.88513e-09 6.91973e-09 6.95433e-09 6.98893e-09 7.02352e-09 7.05812e-09 7.09272e-09 7.12732e-09 7.16192e-09 7.19652e-09 7.23112e-09 7.26572e-09 7.30031e-09 7.33491e-09 7.36951e-09 7.40411e-09 7.43871e-09 7.47332e-09 7.50798e-09 7.54302e-09 7.5803e-09 7.63009e-09 7.74446e-09 8.16854e-09 9.97743e-09 1.75761e-08 4.7867e-08 1.61723e-07 5.65307e-07 1.91635e-06 6.19459e-06 1.90292e-05 5.55585e-05 0.000154323 0.000408288 0.00103007 0.00248088 0.00571011 0.0125722 0.0265044 0.0535492 0.103775 0.193066 0.345102 0.59316 0.981148 1.56313 2.40062 3.55715 5.09022 7.04141 9.42619 12.2257 15.3826 18.8026 22.3622 
12.4409 10.4606 8.55794 6.80163 5.24415 3.9174 2.83188 1.97898 1.33556 0.869629 0.54585 0.329997 0.191993 0.10741 0.0577341 0.0297915 0.0147454 0.0069944 0.00317675 0.0013802 0.000573061 0.000227143 8.58524e-05 3.09061e-05 1.05835e-05 3.44309e-06 1.06297e-06 3.11359e-07 8.6857e-08 2.35418e-08 6.71702e-09 2.5168e-09 1.53766e-09 1.32894e-09 1.29252e-09 1.29203e-09 1.29851e-09 1.30623e-09 1.31416e-09 1.32212e-09 1.33008e-09 1.33804e-09 1.34601e-09 1.35397e-09 1.36194e-09 1.3699e-09 1.37787e-09 1.38583e-09 1.3938e-09 1.40176e-09 1.40972e-09 1.41769e-09 1.42565e-09 1.43362e-09 1.44158e-09 1.44955e-09 1.45751e-09 1.46548e-09 1.47344e-09 1.48141e-09 1.48937e-09 1.49733e-09 1.5053e-09 1.51326e-09 1.52123e-09 1.52919e-09 1.53716e-09 1.54512e-09 1.55309e-09 1.56105e-09 1.56902e-09 1.57698e-09 1.58494e-09 1.59291e-09 1.60087e-09 1.60884e-09 1.6168e-09 1.62477e-09 1.63273e-09 1.6407e-09 1.64866e-09 1.65663e-09 1.66459e-09 1.67255e-09 1.68052e-09 1.68848e-09 1.69645e-09 1.70441e-09 1.71238e-09 1.72035e-09 1.72838e-09 1.73678e-09 1.74744e-09 1.77065e-09 1.85867e-09 2.25749e-09 4.04599e-09 1.16447e-08 4.20155e-08 1.56246e-07 5.61223e-07 1.917e-06 6.21027e-06 1.90901e-05 5.5748e-05 0.00015486 0.00040972 0.00103369 0.00248961 0.00573021 0.0126165 0.0265977 0.0537377 0.104141 0.193746 0.346317 0.595248 0.984603 1.56863 2.40907 3.56967 5.10815 7.0662 9.45938 12.2688 15.4368 18.8688 22.4409 
