10 10.0787 10.1575 10.2362 10.315 10.3937 10.4724 10.5512 10.6299 10.7087 10.7874 10.8661 10.9449 11.0236 11.1024 11.1811 11.2598 11.3386 11.4173 11.4961 11.5748 11.6535 11.7323 11.811 11.8898 11.9685 12.0472 12.126 12.2047 12.2835 12.3622 12.4409 12.5197 12.5984 12.6772 12.7559 12.8346 12.9134 12.9921 13.0709 13.1496 13.2283 13.3071 13.3858 13.4646 13.5433 13.622 13.7008 13.7795 13.8583 13.937 14.0157 14.0945 14.1732 14.252 14.3307 14.4094 14.4882 14.5669 14.6457 14.7244 14.8031 14.8819 14.9606 15.0394 15.1181 15.1969 15.2756 15.3543 15.4331 15.5118 15.5906 15.6693 15.748 15.8268 15.9055 15.9843 16.063 16.1417 16.2205 16.2992 16.378 16.4567 16.5354 16.6142 16.6929 16.7717 16.8504 16.9291 17.0079 17.0866 17.1654 17.2441 17.3228 17.4016 17.4803 17.5591 17.6378 17.7165 17.7953 17.874 17.9528 18.0315 18.1102 18.189 18.2677 18.3465 18.4252 18.5039 18.5827 18.6614 18.7402 18.8189 18.8976 18.9764 19.0551 19.1339 19.2126 19.2913 19.3701 19.4488 19.5276 19.6063 19.685 19.7638 19.8425 19.9213 20 
10.0787 10.1391 10.1996 10.2601 10.3206 10.3813 10.4422 10.5032 10.5645 10.6259 10.6877 10.7497 10.812 10.8746 10.9376 11.001 11.0647 11.1288 11.1932 11.2581 11.3234 11.3892 11.4553 11.5219 11.5889 11.6563 11.7241 11.7923 11.861 11.93 11.9994 12.0692 12.1394 12.2099 12.2808 12.352 12.4235 12.4954 12.5675 12.6399 12.7126 12.7855 12.8587 12.9321 13.0057 13.0795 13.1535 13.2277 13.3021 13.3766 13.4512 13.526 13.601 13.676 13.7512 13.8265 13.9019 13.9774 14.0529 14.1286 14.2044 14.2803 14.3562 14.4323 14.5084 14.5847 14.6611 14.7375 14.8141 14.8908 14.9677 15.0447 15.1218 15.1991 15.2766 15.3542 15.4321 15.5102 15.5885 15.6671 15.746 15.8252 15.9046 15.9844 16.0646 16.1452 16.2262 16.3076 16.3894 16.4718 16.5546 16.638 16.722 16.8065 16.8916 16.9774 17.0638 17.1509 17.2387 17.3271 17.4163 17.5063 17.597 17.6884 17.7806 17.8736 17.9673 18.0618 18.1571 18.2531 18.3498 18.4473 18.5455 18.6443 18.7438 18.8439 18.9446 19.0459 19.1476 19.2499 19.3525 19.4555 19.5589 19.6625 19.7664 19.8704 19.9745 20.0787 
10.1575 10.1996 10.2417 10.284 10.3264 10.3691 10.4121 10.4555 10.4993 10.5435 10.5882 10.6336 10.6795 10.726 10.7733 10.8212 10.87 10.9194 10.9697 11.0208 11.0727 11.1254 11.1789 11.2334 11.2886 11.3447 11.4016 11.4594 11.5179 11.5772 11.6374 11.6982 11.7599 11.8222 11.8852 11.9489 12.0132 12.0782 12.1437 12.2098 12.2765 12.3436 12.4112 12.4793 12.5478 12.6167 12.686 12.7556 12.8256 12.8959 12.9664 13.0373 13.1084 13.1798 13.2514 13.3233 13.3953 13.4675 13.54 13.6126 13.6854 13.7584 13.8316 13.905 13.9786 14.0524 14.1264 14.2006 14.275 14.3497 14.4246 14.4999 14.5754 14.6513 14.7275 14.8041 14.8811 14.9585 15.0365 15.1149 15.1939 15.2735 15.3537 15.4346 15.5162 15.5986 15.6818 15.7658 15.8508 15.9368 16.0237 16.1118 16.2009 16.2912 16.3827 16.4755 16.5696 16.665 16.7618 16.86 16.9596 17.0607 17.1634 17.2675 17.3731 17.4803 17.589 17.6993 17.811 17.9243 18.039 18.1551 18.2727 18.3916 18.5118 18.6332 18.7559 18.8796 19.0043 19.13 19.2565 19.3838 19.5117 19.6402 19.7691 19.8984 20.0279 20.1575 
10.2362 10.2601 10.284 10.3081 10.3325 10.3572 10.3824 10.4082 10.4345 10.4616 10.4894 10.5181 10.5477 10.5782 10.6098 10.6424 10.6762 10.7111 10.7472 10.7845 10.823 10.8628 10.9038 10.9461 10.9896 11.0344 11.0805 11.1278 11.1763 11.226 11.2768 11.3288 11.3819 11.4361 11.4913 11.5475 11.6046 11.6627 11.7217 11.7815 11.8421 11.9034 11.9655 12.0283 12.0917 12.1557 12.2203 12.2854 12.351 12.4171 12.4836 12.5505 12.6179 12.6856 12.7536 12.822 12.8907 12.9598 13.0291 13.0987 13.1685 13.2387 13.3091 13.3798 13.4508 13.5222 13.5938 13.6657 13.738 13.8107 13.8838 13.9572 14.0312 14.1056 14.1806 14.2561 14.3323 14.4091 14.4866 14.5649 14.644 14.724 14.8049 14.8869 14.9699 15.0541 15.1396 15.2263 15.3144 15.4039 15.495 15.5876 15.6819 15.778 15.8759 15.9756 16.0774 16.1811 16.2868 16.3947 16.5048 16.6171 16.7315 16.8483 16.9674 17.0887 17.2123 17.3382 17.4664 17.5968 17.7295 17.8643 18.0011 18.14 18.2809 18.4236 18.568 18.7142 18.8618 19.0108 19.1611 19.3126 19.465 19.6182 19.7721 19.9266 20.0813 20.2362 
10.315 10.3206 10.3264 10.3325 10.3389 10.3458 10.3533 10.3615 10.3705 10.3805 10.3915 10.4036 10.4169 10.4315 10.4475 10.4649 10.4838 10.5042 10.5261 10.5497 10.575 10.6019 10.6304 10.6607 10.6926 10.7262 10.7614 10.7983 10.8368 10.8769 10.9185 10.9617 11.0063 11.0523 11.0998 11.1485 11.1985 11.2498 11.3022 11.3557 11.4103 11.466 11.5225 11.58 11.6383 11.6975 11.7574 11.818 11.8793 11.9412 12.0037 12.0667 12.1303 12.1943 12.2589 12.3238 12.3892 12.455 12.5212 12.5878 12.6547 12.722 12.7897 12.8578 12.9263 12.9951 13.0644 13.1341 13.2043 13.2749 13.3461 13.4179 13.4902 13.5633 13.637 13.7114 13.7867 13.8629 13.94 14.0182 14.0974 14.1778 14.2595 14.3425 14.427 14.513 14.6006 14.69 14.7812 14.8743 14.9694 15.0667 15.1662 15.268 15.3722 15.4789 15.5882 15.7001 15.8148 15.9324 16.0528 16.1761 16.3025 16.4318 16.5642 16.6996 16.838 16.9796 17.1241 17.2716 17.422 17.5753 17.7314 17.8902 18.0516 18.2155 18.3816 18.55 18.7204 18.8927 19.0667 19.2422 19.4189 19.5968 19.7756 19.955 20.1349 20.315 
10.3937 10.3813 10.3691 10.3572 10.3458 10.3349 10.3248 10.3157 10.3075 10.3005 10.2948 10.2904 10.2876 10.2864 10.2868 10.2891 10.2932 10.2992 10.3072 10.3171 10.3292 10.3433 10.3594 10.3777 10.3981 10.4205 10.4451 10.4716 10.5002 10.5307 10.5632 10.5976 10.6338 10.6717 10.7114 10.7528 10.7957 10.8402 10.8861 10.9334 10.9821 11.032 11.0831 11.1353 11.1886 11.2429 11.2982 11.3543 11.4113 11.4691 11.5275 11.5867 11.6466 11.707 11.768 11.8296 11.8917 11.9543 12.0174 12.081 12.145 12.2095 12.2745 12.3399 12.4059 12.4723 12.5392 12.6067 12.6748 12.7435 12.8128 12.8828 12.9536 13.0252 13.0977 13.1711 13.2455 13.3211 13.3978 13.4758 13.5552 13.636 13.7184 13.8025 13.8884 13.9762 14.066 14.158 14.2523 14.3489 14.4481 14.55 14.6546 14.762 14.8725 14.9861 15.103 15.2231 15.3467 15.4738 15.6045 15.7389 15.8769 16.0188 16.1644 16.3138 16.467 16.624 16.7847 16.9492 17.1173 17.289 17.4642 17.6428 17.8245 18.0094 18.1971 18.3876 18.5806 18.776 18.9735 19.1728 19.3738 19.5761 19.7795 19.9838 20.1886 20.3937 
10.4724 10.4422 10.4121 10.3824 10.3533 10.3248 10.2973 10.2709 10.2456 10.2218 10.1995 10.1789 10.16 10.1431 10.1282 10.1154 10.1049 10.0966 10.0907 10.0872 10.0861 10.0875 10.0914 10.0978 10.1067 10.1181 10.132 10.1483 10.1671 10.1881 10.2115 10.2372 10.265 10.295 10.3271 10.3611 10.397 10.4347 10.4742 10.5154 10.5582 10.6024 10.6481 10.6951 10.7435 10.793 10.8436 10.8953 10.948 11.0017 11.0562 11.1115 11.1677 11.2245 11.2821 11.3403 11.3992 11.4586 11.5186 11.5792 11.6404 11.7021 11.7644 11.8272 11.8907 11.9547 12.0193 12.0846 12.1506 12.2173 12.2848 12.3531 12.4223 12.4925 12.5638 12.6362 12.7098 12.7847 12.861 12.9389 13.0184 13.0996 13.1828 13.2679 13.3552 13.4448 13.5368 13.6314 13.7287 13.8289 13.9321 14.0385 14.1481 14.2612 14.378 14.4984 14.6227 14.751 14.8834 15.02 15.1609 15.3062 15.4559 15.61 15.7688 15.932 16.0998 16.2722 16.4491 16.6303 16.816 17.0059 17.2 17.3981 17.6001 17.8058 18.0149 18.2273 18.4428 18.661 18.8818 19.1047 19.3297 19.5562 19.7841 20.013 20.2426 20.4724 
10.5512 10.5032 10.4555 10.4082 10.3615 10.3157 10.2709 10.2273 10.1852 10.1447 10.106 10.0692 10.0345 10.0021 9.97196 9.94432 9.91926 9.89686 9.87719 9.86032 9.84629 9.83514 9.82689 9.82155 9.81912 9.81959 9.82293 9.82912 9.8381 9.84983 9.86425 9.88129 9.90088 9.92294 9.9474 9.97416 10.0031 10.0342 10.0674 10.1024 10.1393 10.178 10.2183 10.2602 10.3036 10.3484 10.3945 10.4418 10.4903 10.5399 10.5905 10.6421 10.6945 10.7478 10.802 10.8569 10.9125 10.9688 11.0258 11.0835 11.1418 11.2008 11.2604 11.3207 11.3816 11.4432 11.5056 11.5687 11.6326 11.6974 11.7631 11.8297 11.8974 11.9662 12.0363 12.1076 12.1804 12.2547 12.3307 12.4084 12.488 12.5697 12.6536 12.7398 12.8285 12.9198 13.014 13.1111 13.2115 13.3151 13.4223 13.5331 13.6478 13.7666 13.8894 14.0167 14.1484 14.2847 14.4258 14.5718 14.7228 14.8788 15.0401 15.2065 15.3782 15.5552 15.7374 15.925 16.1178 16.3157 16.5187 16.7267 16.9395 17.157 17.3789 17.6052 17.8355 18.0696 18.3072 18.5481 18.7919 19.0382 19.2869 19.5374 19.7895 20.0428 20.2968 20.5512 
10.6299 10.5645 10.4993 10.4345 10.3705 10.3075 10.2456 10.1852 10.1264 10.0694 10.0145 9.96176 9.9114 9.86359 9.81846 9.77614 9.73675 9.70038 9.66712 9.63705 9.61021 9.58665 9.56639 9.54945 9.53582 9.52548 9.51842 9.51459 9.51395 9.51644 9.52198 9.53051 9.54194 9.55619 9.57316 9.59275 9.61486 9.63939 9.66624 9.69529 9.72644 9.75959 9.79463 9.83145 9.86996 9.91006 9.95166 9.99467 10.039 10.0846 10.1313 10.1791 10.228 10.2778 10.3285 10.3802 10.4326 10.4859 10.5399 10.5946 10.6502 10.7064 10.7634 10.8211 10.8796 10.9389 10.999 11.06 11.1219 11.1847 11.2486 11.3136 11.3798 11.4473 11.5161 11.5865 11.6585 11.7322 11.8077 11.8853 11.9651 12.0472 12.1318 12.219 12.3091 12.4022 12.4985 12.5982 12.7015 12.8086 12.9197 13.035 13.1546 13.2789 13.4079 13.5418 13.6808 13.8251 13.9748 14.1301 14.291 14.4577 14.6303 14.8088 14.9934 15.1839 15.3804 15.583 15.7915 16.0059 16.226 16.4518 16.6831 16.9197 17.1614 17.408 17.6592 17.9147 18.1743 18.4375 18.704 18.9735 19.2456 19.5198 19.7958 20.0731 20.3513 20.6299 
10.7087 10.6259 10.5435 10.4616 10.3805 10.3005 10.2218 10.1447 10.0694 9.99621 9.92526 9.85679 9.79098 9.72802 9.66806 9.61125 9.55772 9.50757 9.46091 9.41782 9.37835 9.34254 9.31044 9.28205 9.25736 9.23637 9.21905 9.20534 9.19521 9.18857 9.18537 9.1855 9.18889 9.19543 9.20501 9.21754 9.23289 9.25094 9.27159 9.29471 9.32018 9.34789 9.37771 9.40953 9.44325 9.47874 9.51591 9.55465 9.59488 9.63649 9.67941 9.72355 9.76885 9.81523 9.86264 9.91103 9.96035 10.0106 10.0617 10.1136 10.1663 10.2199 10.2743 10.3295 10.3856 10.4426 10.5005 10.5594 10.6192 10.6802 10.7423 10.8057 10.8704 10.9366 11.0043 11.0736 11.1448 11.2179 11.2931 11.3706 11.4505 11.533 11.6183 11.7065 11.798 11.8928 11.9912 12.0935 12.1997 12.3102 12.4252 12.5449 12.6694 12.7991 12.9341 13.0746 13.2209 13.373 13.5312 13.6956 13.8664 14.0436 14.2274 14.4179 14.615 14.8189 15.0295 15.2469 15.4709 15.7015 15.9385 16.1819 16.4314 16.6869 16.9481 17.2147 17.4865 17.7632 18.0443 18.3295 18.6185 18.9108 19.206 19.5036 19.8031 20.1041 20.4062 20.7087 
10.7874 10.6877 10.5882 10.4894 10.3915 10.2948 10.1995 10.106 10.0145 9.92526 9.83855 9.75457 9.67354 9.59566 9.52109 9.45001 9.38255 9.31883 9.25897 9.20305 9.15113 9.10327 9.0595 9.01984 8.98427 8.95279 8.92536 8.90193 8.88245 8.86683 8.85501 8.84688 8.84235 8.8413 8.84362 8.84919 8.85788 8.86956 8.88411 8.90139 8.92127 8.94362 8.96832 8.99522 9.02421 9.05517 9.08799 9.12254 9.15873 9.19645 9.23562 9.27615 9.31794 9.36094 9.40508 9.4503 9.49655 9.54378 9.59197 9.6411 9.69114 9.74209 9.79395 9.84673 9.90047 9.95517 10.0109 10.0677 10.1256 10.1847 10.2451 10.3069 10.3701 10.435 10.5015 10.5699 10.6403 10.7129 10.7877 10.8651 10.9451 11.028 11.114 11.2033 11.2961 11.3926 11.4931 11.5979 11.707 11.8209 11.9397 12.0636 12.193 12.3281 12.469 12.616 12.7693 12.9292 13.0957 13.2692 13.4496 13.6372 13.832 14.0342 14.2439 14.4609 14.6854 14.9173 15.1566 15.4031 15.6568 15.9174 16.1849 16.459 16.7393 17.0257 17.3178 17.6152 17.9176 18.2246 18.5356 18.8503 19.1682 19.4888 19.8116 20.1359 20.4614 20.7874 
10.8661 10.7497 10.6336 10.5181 10.4036 10.2904 10.1789 10.0692 9.96176 9.85679 9.75457 9.65535 9.55935 9.46679 9.37786 9.29274 9.21158 9.13453 9.06168 8.99315 8.929 8.86928 8.81404 8.76329 8.71703 8.67523 8.63786 8.60488 8.5762 8.55177 8.53147 8.51522 8.50291 8.4944 8.48958 8.48831 8.49046 8.49588 8.50444 8.51599 8.53038 8.54747 8.56712 8.58919 8.61355 8.64006 8.6686 8.69904 8.73127 8.76518 8.80067 8.83764 8.876 8.91568 8.95661 8.99871 9.04194 9.08626 9.13162 9.17799 9.22537 9.27375 9.32312 9.3735 9.42492 9.4774 9.531 9.58576 9.64176 9.69906 9.75777 9.81798 9.87981 9.94337 10.0088 10.0763 10.1459 10.2179 10.2924 10.3696 10.4498 10.5331 10.6198 10.7101 10.8042 10.9025 11.005 11.1122 11.2242 11.3413 11.4639 11.5921 11.7262 11.8665 12.0133 12.1667 12.327 12.4945 12.6692 12.8515 13.0415 13.2392 13.4449 13.6587 13.8805 14.1105 14.3486 14.5948 14.8491 15.1113 15.3813 15.659 15.9441 16.2364 16.5356 16.8413 17.1533 17.4712 17.7945 18.1228 18.4555 18.7923 19.1325 19.4757 19.8212 20.1685 20.517 20.8661 
10.9449 10.812 10.6795 10.5477 10.4169 10.2876 10.16 10.0345 9.9114 9.79098 9.67354 9.55935 9.44865 9.34168 9.23865 9.13975 9.04515 8.95499 8.86941 8.78849 8.71233 8.64098 8.57448 8.51285 8.45608 8.40416 8.35704 8.31467 8.27698 8.24389 8.21528 8.19106 8.17111 8.15529 8.14346 8.13549 8.13122 8.1305 8.13318 8.1391 8.14811 8.16005 8.17476 8.19209 8.21191 8.23406 8.2584 8.28481 8.31316 8.34334 8.37522 8.40871 8.44371 8.48014 8.51792 8.55698 8.59726 8.63871 8.6813 8.72499 8.76976 8.81562 8.86255 8.91059 8.95974 9.01005 9.06156 9.11434 9.16845 9.22399 9.28105 9.33973 9.40016 9.46247 9.52682 9.59335 9.66225 9.7337 9.80789 9.88503 9.96535 10.0491 10.1365 10.2277 10.3232 10.423 10.5276 10.6372 10.752 10.8724 10.9986 11.131 11.2698 11.4153 11.5678 11.7274 11.8946 12.0695 12.2523 12.4433 12.6426 12.8503 13.0667 13.2917 13.5256 13.7682 14.0197 14.28 14.549 14.8266 15.1126 15.407 15.7093 16.0195 16.3372 16.662 16.9936 17.3315 17.6752 18.0244 18.3785 18.7368 19.099 19.4643 19.8322 20.202 20.5731 20.9449 
11.0236 10.8746 10.726 10.5782 10.4315 10.2864 10.1431 10.0021 9.86359 9.72802 9.59566 9.46679 9.34168 9.22059 9.10374 8.99133 8.88355 8.78055 8.68247 8.58943 8.50149 8.41874 8.3412 8.26891 8.20185 8.14001 8.08334 8.03178 7.98525 7.94367 7.90693 7.8749 7.84746 7.82448 7.80579 7.79125 7.7807 7.77397 7.7709 7.77131 7.77505 7.78194 7.79181 7.80452 7.81988 7.83776 7.85801 7.88048 7.90504 7.93155 7.95991 7.99 8.02172 8.05497 8.08967 8.12575 8.16314 8.2018 8.24168 8.28274 8.32498 8.36837 8.41293 8.45866 8.5056 8.55379 8.60327 8.65412 8.7064 8.76021 8.81565 8.87284 8.93192 8.99302 9.0563 9.12194 9.19012 9.26104 9.33492 9.41197 9.49244 9.57657 9.66462 9.75688 9.85361 9.9551 10.0617 10.1736 10.2912 10.4147 10.5446 10.6811 10.8244 10.975 11.133 11.2989 11.4728 11.6549 11.8457 12.0451 12.2536 12.4711 12.6979 12.9341 13.1796 13.4347 13.6993 13.9733 14.2567 14.5493 14.8511 15.1618 15.4811 15.8088 16.1446 16.488 16.8387 17.1962 17.5601 17.9297 18.3046 18.6842 19.0678 19.4548 19.8446 20.2364 20.6297 21.0236 
11.1024 10.9376 10.7733 10.6098 10.4475 10.2868 10.1282 9.97196 9.81846 9.66806 9.52109 9.37786 9.23865 9.10374 8.97336 8.84773 8.72705 8.61149 8.50119 8.39626 8.29681 8.2029 8.11457 8.03184 7.95472 7.88317 7.81715 7.7566 7.70143 7.65155 7.60685 7.56719 7.53243 7.50244 7.47705 7.45609 7.43939 7.42678 7.41809 7.41312 7.41171 7.41367 7.41882 7.42699 7.43802 7.45173 7.46797 7.48659 7.50745 7.5304 7.55531 7.58208 7.61059 7.64074 7.67244 7.70562 7.7402 7.77613 7.81336 7.85187 7.89162 7.93262 7.97486 8.01836 8.06315 8.10926 8.15677 8.20572 8.25622 8.30835 8.36222 8.41797 8.47572 8.53565 8.5979 8.66267 8.73016 8.80058 8.87415 8.95112 9.03173 9.11627 9.205 9.29821 9.39621 9.4993 9.6078 9.72203 9.84232 9.96901 10.1024 10.2429 10.3907 10.5462 10.7098 10.8816 11.0621 11.2514 11.4498 11.6576 11.875 12.1021 12.3391 12.5861 12.8432 13.1104 13.3878 13.6752 13.9727 14.2801 14.5972 14.9239 15.2597 15.6046 15.958 16.3197 16.6891 17.0658 17.4493 17.8389 18.2342 18.6345 19.0391 19.4473 19.8585 20.2719 20.6867 21.1024 
11.1811 11.001 10.8212 10.6424 10.4649 10.2891 10.1154 9.94432 9.77614 9.61125 9.45001 9.29274 9.13975 8.99133 8.84773 8.70919 8.5759 8.44807 8.32582 8.2093 8.09859 7.99378 7.8949 7.80198 7.71502 7.63399 7.55884 7.48951 7.4259 7.36792 7.31544 7.26833 7.22643 7.1896 7.15765 7.13043 7.10774 7.0894 7.07522 7.065 7.05856 7.05571 7.05626 7.06001 7.06681 7.07646 7.0888 7.10366 7.12091 7.14038 7.16195 7.18548 7.21086 7.23799 7.26677 7.29712 7.32896 7.36224 7.3969 7.43292 7.47026 7.50892 7.54891 7.59023 7.63292 7.67703 7.72261 7.76974 7.8185 7.86899 7.92135 7.97568 8.03216 8.09094 8.15219 8.21613 8.28295 8.35288 8.42616 8.50306 8.58383 8.66876 8.75816 8.85231 8.95156 9.05621 9.16661 9.28311 9.40604 9.53577 9.67264 9.817 9.9692 10.1296 10.2985 10.4762 10.6631 10.8594 11.0654 11.2813 11.5074 11.7438 11.9908 12.2484 12.5167 12.7958 13.0856 13.3862 13.6974 14.0192 14.3513 14.6935 15.0456 15.4072 15.7779 16.1573 16.545 16.9404 17.343 17.7522 18.1674 18.5879 19.0129 19.4418 19.8739 20.3083 20.7443 21.1811 
11.2598 11.0647 10.87 10.6762 10.4838 10.2932 10.1049 9.91926 9.73675 9.55772 9.38255 9.21158 9.04515 8.88355 8.72705 8.5759 8.43033 8.29051 8.15662 8.02877 7.90709 7.79164 7.68248 7.57962 7.48307 7.39279 7.30874 7.23084 7.15901 7.09313 7.03307 6.97868 6.92983 6.88633 6.848 6.81467 6.78614 6.76221 6.74268 6.72736 6.71602 6.70849 6.70455 6.70401 6.70668 6.71237 6.72092 6.73213 6.74587 6.76196 6.78026 6.80065 6.823 6.84719 6.87313 6.90073 6.92991 6.96061 6.99278 7.02637 7.06138 7.09777 7.13557 7.17478 7.21544 7.2576 7.30131 7.34666 7.39374 7.44265 7.49353 7.5465 7.60174 7.65941 7.71971 7.78283 7.84901 7.91847 7.99149 8.06832 8.14925 8.23458 8.32462 8.41971 8.52017 8.62636 8.73862 8.85733 8.98285 9.11555 9.25579 9.40397 9.56043 9.72555 9.89967 10.0831 10.2762 10.4793 10.6927 10.9166 11.1512 11.3967 11.6534 11.9213 12.2005 12.4912 12.7932 13.1066 13.4312 13.767 14.1137 14.4711 14.8389 15.2168 15.6043 16.0011 16.4066 16.8202 17.2415 17.6697 18.1043 18.5444 18.9894 19.4385 19.8909 20.3459 20.8024 21.2598 
11.3386 11.1288 10.9194 10.7111 10.5042 10.2992 10.0966 9.89686 9.70038 9.50757 9.31883 9.13453 8.95499 8.78055 8.61149 8.44807 8.29051 8.13903 7.99378 7.85492 7.72254 7.59673 7.47755 7.36501 7.25912 7.15984 7.06712 6.98089 6.90104 6.82747 6.76003 6.69857 6.64294 6.59295 6.54842 6.50915 6.47494 6.44557 6.42085 6.40055 6.38446 6.37237 6.36407 6.35935 6.35802 6.35987 6.36472 6.3724 6.38272 6.39553 6.41067 6.428 6.4474 6.46875 6.49194 6.51687 6.54347 6.57167 6.60141 6.63266 6.66539 6.69959 6.73527 6.77243 6.81113 6.85139 6.8933 6.93693 6.98238 7.02976 7.07921 7.13088 7.18492 7.24152 7.30089 7.36323 7.42879 7.49781 7.57057 7.64735 7.72844 7.81417 7.90486 8.00085 8.10251 8.21019 8.32428 8.44514 8.57318 8.70877 8.85232 9.00421 9.16483 9.33456 9.51377 9.70281 9.90202 10.1117 10.3322 10.5638 10.8067 11.0611 11.3272 11.6052 11.8951 12.197 12.5109 12.8367 13.1744 13.5238 13.8847 14.2569 14.64 15.0337 15.4376 15.8512 16.274 16.7055 17.1449 17.5917 18.0451 18.5043 18.9688 19.4375 19.9097 20.3845 20.8611 21.3386 
11.4173 11.1932 10.9697 10.7472 10.5261 10.3072 10.0907 9.87719 9.66712 9.46091 9.25897 9.06168 8.86941 8.68247 8.50119 8.32582 8.15662 7.99378 7.8375 7.68791 7.54513 7.40925 7.28033 7.15838 7.0434 6.93537 6.83422 6.73988 6.65225 6.5712 6.49659 6.42826 6.36605 6.30975 6.25919 6.21415 6.17442 6.13978 6.11 6.08487 6.06417 6.04766 6.03513 6.02636 6.02114 6.01927 6.02054 6.02478 6.0318 6.04142 6.0535 6.06787 6.08442 6.10301 6.12353 6.14588 6.16998 6.19576 6.22316 6.25214 6.28268 6.31475 6.34838 6.38357 6.42035 6.4588 6.49896 6.54093 6.58481 6.63071 6.67878 6.72918 6.78207 6.83765 6.89612 6.95772 7.02268 7.09129 7.1638 7.24053 7.32179 7.40791 7.49924 7.59613 7.69895 7.8081 7.92396 8.04693 8.17742 8.31584 8.46259 8.6181 8.78276 8.95698 9.14113 9.3356 9.54074 9.75689 9.98435 10.2234 10.4744 10.7374 11.0127 11.3004 11.6007 11.9135 12.2389 12.5768 12.9271 13.2898 13.6645 14.051 14.4491 14.8582 15.278 15.708 16.1476 16.5963 17.0533 17.5181 17.9898 18.4677 18.9509 19.4387 19.9301 20.4243 20.9204 21.4173 
11.4961 11.2581 11.0208 10.7845 10.5497 10.3171 10.0872 9.86032 9.63705 9.41782 9.20305 8.99315 8.78849 8.58943 8.39626 8.2093 8.02877 7.85492 7.68791 7.52791 7.37503 7.22937 7.09098 6.9599 6.8361 6.71957 6.61024 6.50803 6.41284 6.32454 6.24297 6.16797 6.09937 6.03696 5.98055 5.92991 5.88482 5.84507 5.8104 5.78059 5.75541 5.73462 5.71799 5.7053 5.69631 5.69083 5.68865 5.68956 5.69337 5.69992 5.70903 5.72055 5.73433 5.75025 5.76819 5.78805 5.80974 5.83318 5.85832 5.88511 5.91352 5.94355 5.97519 6.00847 6.04343 6.08011 6.11859 6.15896 6.20132 6.2458 6.29255 6.34173 6.39351 6.4481 6.50572 6.5666 6.631 6.6992 6.7715 6.8482 6.92963 7.01614 7.10809 7.20585 7.30982 7.42039 7.53798 7.663 7.79588 7.93704 8.08692 8.24594 8.41453 8.5931 8.78206 8.9818 9.19269 9.41508 9.64931 9.89566 10.1544 10.4258 10.71 11.0072 11.3175 11.6409 11.9774 12.3271 12.6897 13.0652 13.4533 13.8538 14.2663 14.6903 15.1255 15.5714 16.0273 16.4927 16.9669 17.4491 17.9385 18.4345 18.936 19.4423 19.9524 20.4653 20.9802 21.4961 
11.5748 11.3234 11.0727 10.823 10.575 10.3292 10.0861 9.84629 9.61021 9.37835 9.15113 8.929 8.71233 8.50149 8.29681 8.09859 7.90709 7.72254 7.54513 7.37503 7.21236 7.05722 6.90966 6.7697 6.63736 6.51259 6.39533 6.2855 6.18298 6.08764 5.99933 5.91787 5.84308 5.77475 5.71267 5.65661 5.60635 5.56163 5.52223 5.4879 5.45838 5.43345 5.41286 5.39636 5.38375 5.37478 5.36924 5.36694 5.36767 5.37124 5.37748 5.38624 5.39736 5.41071 5.42616 5.44361 5.46297 5.48416 5.50711 5.53179 5.55817 5.58622 5.61596 5.6474 5.68059 5.71557 5.75243 5.79126 5.83217 5.87529 5.92076 5.96876 6.01948 6.07313 6.12993 6.19013 6.254 6.32182 6.39391 6.47059 6.55219 6.63909 6.73165 6.83027 6.93536 7.04732 7.16659 7.2936 7.4288 7.57263 7.72554 7.88798 8.06037 8.24317 8.43679 8.64164 8.8581 9.08655 9.32732 9.58073 9.84706 10.1265 10.4194 10.7258 11.0457 11.3794 11.7268 12.0878 12.4624 12.8503 13.2514 13.6653 14.0917 14.5303 14.9804 15.4417 15.9134 16.395 16.8857 17.3848 17.8914 18.4048 18.9241 19.4482 19.9764 20.5075 21.0406 21.5748 
11.6535 11.3892 11.1254 10.8628 10.6019 10.3433 10.0875 9.83514 9.58665 9.34254 9.10327 8.86928 8.64098 8.41874 8.2029 7.99378 7.79164 7.59673 7.40925 7.22937 7.05722 6.89289 6.73644 6.58791 6.44728 6.31454 6.1896 6.07239 5.96278 5.86064 5.7658 5.67809 5.59731 5.52326 5.45569 5.3944 5.33912 5.28962 5.24564 5.20693 5.17323 5.1443 5.11988 5.09972 5.08359 5.07126 5.06249 5.05709 5.05483 5.05554 5.05902 5.06512 5.07367 5.08453 5.09759 5.11273 5.12984 5.14886 5.16972 5.19237 5.21678 5.24293 5.27084 5.30051 5.332 5.36536 5.40067 5.43802 5.47753 5.51933 5.56359 5.61047 5.66017 5.71292 5.76893 5.82849 5.89185 5.95932 6.03122 6.10788 6.18967 6.27695 6.37012 6.46957 6.57575 6.68906 6.80997 6.93892 7.07637 7.22279 7.37864 7.54438 7.72047 7.90736 8.10549 8.31528 8.53715 8.77145 9.01856 9.2788 9.55245 9.83977 10.141 10.4562 10.7856 11.1292 11.487 11.859 12.2451 12.6451 13.0587 13.4857 13.9256 14.3781 14.8427 15.3189 15.8059 16.3031 16.8098 17.3252 17.8485 18.3788 18.9151 19.4566 20.0022 20.5509 21.1017 21.6535 
11.7323 11.4553 11.1789 10.9038 10.6304 10.3594 10.0914 9.82689 9.56639 9.31044 9.0595 8.81404 8.57448 8.3412 8.11457 7.8949 7.68248 7.47755 7.28033 7.09098 6.90966 6.73644 6.5714 6.41457 6.26594 6.12548 5.99313 5.86878 5.75232 5.6436 5.54246 5.44871 5.36215 5.28256 5.20971 5.14335 5.08324 5.02911 4.98072 4.93778 4.90005 4.86726 4.83914 4.81545 4.79594 4.78036 4.76849 4.7601 4.75497 4.75292 4.75374 4.75728 4.76336 4.77184 4.7826 4.79551 4.81047 4.8274 4.84625 4.86694 4.88947 4.9138 4.93994 4.96793 4.99779 5.02959 5.0634 5.09934 5.13751 5.17806 5.22115 5.26696 5.3157 5.36758 5.42285 5.48179 5.54467 5.61182 5.68354 5.76021 5.84218 5.92984 6.0236 6.12388 6.23111 6.34574 6.46824 6.59907 6.7387 6.88763 7.04632 7.21526 7.39492 7.58578 7.78827 8.00285 8.22992 8.4699 8.72313 8.98997 9.2707 9.56559 9.87485 10.1987 10.5371 10.8903 11.2583 11.6409 12.0381 12.4497 12.8754 13.3149 13.768 14.234 14.7125 15.203 15.7047 16.2171 16.7393 17.2705 17.8098 18.3564 18.9092 19.4674 20.0299 20.5955 21.1634 21.7323 
11.811 11.5219 11.2334 10.9461 10.6607 10.3777 10.0978 9.82155 9.54945 9.28205 9.01984 8.76329 8.51285 8.26891 8.03184 7.80198 7.57962 7.36501 7.15838 6.9599 6.7697 6.58791 6.41457 6.24973 6.09337 5.94547 5.80594 5.67471 5.55163 5.43657 5.32934 5.22977 5.13763 5.0527 4.97474 4.90351 4.83873 4.78015 4.7275 4.6805 4.63888 4.60237 4.57071 4.54362 4.52085 4.50215 4.48728 4.47602 4.46813 4.46343 4.4617 4.46278 4.46649 4.47268 4.48122 4.492 4.50489 4.51983 4.53674 4.55557 4.57628 4.59887 4.62333 4.64969 4.678 4.7083 4.7407 4.77528 4.81217 4.85153 4.8935 4.93829 4.9861 5.03717 5.09174 5.15009 5.21253 5.27936 5.35094 5.42761 5.50977 5.59781 5.69215 5.79323 5.90149 6.0174 6.14145 6.27409 6.41585 6.56719 6.72864 6.90067 7.08379 7.27847 7.48518 7.70438 7.9365 8.18193 8.44108 8.71428 9.00184 9.30403 9.62109 9.95316 10.3004 10.6629 11.0405 11.4334 11.8413 12.2641 12.7015 13.1532 13.6188 14.0978 14.5898 15.0941 15.6101 16.137 16.6741 17.2205 17.7753 18.3376 18.9064 19.4807 20.0593 20.6414 21.2256 21.811 
11.8898 11.5889 11.2886 10.9896 10.6926 10.3981 10.1067 9.81912 9.53582 9.25736 8.98427 8.71703 8.45608 8.20185 7.95472 7.71502 7.48307 7.25912 7.0434 6.8361 6.63736 6.44728 6.26594 6.09337 5.92956 5.77447 5.62804 5.49017 5.36071 5.23953 5.12645 5.02125 4.92374 4.83367 4.7508 4.67487 4.60561 4.54274 4.48599 4.43508 4.38972 4.34964 4.31455 4.28419 4.2583 4.2366 4.21886 4.20484 4.19431 4.18706 4.18289 4.1816 4.18304 4.18704 4.19347 4.20219 4.21311 4.22614 4.2412 4.25824 4.27722 4.29814 4.32099 4.34581 4.37262 4.4015 4.43254 4.46583 4.50151 4.53972 4.58064 4.62445 4.67139 4.72168 4.77558 4.83339 4.8954 4.96195 5.03339 5.11009 5.19244 5.28085 5.37577 5.47763 5.58689 5.70405 5.82958 5.964 6.10779 6.26149 6.42559 6.60062 6.78707 6.98544 7.19622 7.41987 7.65684 7.90756 8.1724 8.45174 8.74588 9.05511 9.37966 9.71971 10.0754 10.4467 10.8338 11.2365 11.6548 12.0883 12.537 13.0004 13.4781 13.9697 14.4746 14.9923 15.5219 16.0629 16.6143 17.1753 17.745 18.3224 18.9066 19.4963 20.0907 20.6885 21.2885 21.8898 
11.9685 11.6563 11.3447 11.0344 10.7262 10.4205 10.1181 9.81959 9.52548 9.23637 8.95279 8.67523 8.40416 8.14001 7.88317 7.63399 7.39279 7.15984 6.93537 6.71957 6.51259 6.31454 6.12548 5.94547 5.77447 5.61247 5.45939 5.31512 5.17952 5.05246 4.93373 4.82313 4.72045 4.62543 4.53783 4.45738 4.38381 4.31682 4.25613 4.20146 4.15251 4.109 4.07064 4.03714 4.00824 3.98367 3.96318 3.94651 3.93345 3.92376 3.91724 3.9137 3.91296 3.91486 3.91926 3.92603 3.93506 3.94626 3.95955 3.97488 3.99222 4.01155 4.03287 4.0562 4.0816 4.10912 4.13886 4.17093 4.20545 4.24257 4.28249 4.32538 4.37149 4.42104 4.47432 4.53161 4.59323 4.65952 4.73084 4.80757 4.89012 4.9789 5.07438 5.177 5.28725 5.40561 5.53259 5.66871 5.81449 5.97044 6.13712 6.31502 6.50469 6.70662 6.92132 7.14926 7.39091 7.6467 7.91703 8.20227 8.50275 8.81876 9.15053 9.49824 9.86203 10.242 10.6381 11.0503 11.4784 11.9224 12.3818 12.8565 13.3459 13.8495 14.3669 14.8973 15.4402 15.9946 16.5598 17.1349 17.7189 18.3109 18.9098 19.5145 20.1238 20.7367 21.352 21.9685 
12.0472 11.7241 11.4016 11.0805 10.7614 10.4451 10.132 9.82293 9.51842 9.21905 8.92536 8.63786 8.35704 8.08334 7.81715 7.55884 7.30874 7.06712 6.83422 6.61024 6.39533 6.1896 5.99313 5.80594 5.62804 5.45939 5.2999 5.14948 5.00799 4.87525 4.7511 4.63531 4.52766 4.42789 4.33575 4.25096 4.17324 4.1023 4.03784 3.97956 3.92717 3.88036 3.83885 3.80235 3.77058 3.74325 3.72012 3.70093 3.68544 3.67342 3.66465 3.65896 3.65614 3.65604 3.6585 3.66341 3.67063 3.68009 3.6917 3.7054 3.72117 3.73898 3.75884 3.78077 3.80481 3.83105 3.85956 3.89045 3.92387 3.95997 3.99893 4.04096 4.08628 4.13514 4.18783 4.24464 4.30589 4.37194 4.44316 4.51993 4.60268 4.69184 4.78787 4.89123 5.00243 5.12196 5.25035 5.38812 5.5358 5.69395 5.86309 6.04378 6.23653 6.4419 6.66036 6.89244 7.13859 7.39926 7.67487 7.96579 8.27236 8.59488 8.93358 9.28866 9.66025 10.0484 10.4532 10.8745 11.3122 11.7661 12.236 12.7214 13.222 13.7372 14.2666 14.8093 15.3648 15.9322 16.5106 17.0992 17.697 18.303 18.916 19.535 20.1588 20.7863 21.4161 22.0472 
12.126 11.7923 11.4594 11.1278 10.7983 10.4716 10.1483 9.82912 9.51459 9.20534 8.90193 8.60488 8.31467 8.03178 7.7566 7.48951 7.23084 6.98089 6.73988 6.50803 6.2855 6.07239 5.86878 5.67471 5.49017 5.31512 5.14948 4.99315 4.84598 4.70782 4.57845 4.45768 4.34525 4.24092 4.14443 4.05548 3.97378 3.89905 3.83096 3.76923 3.71354 3.66358 3.61906 3.57969 3.54516 3.51521 3.48955 3.46794 3.45013 3.43588 3.42498 3.41723 3.41243 3.41041 3.41104 3.41416 3.41967 3.42747 3.43747 3.44963 3.4639 3.48027 3.49874 3.51933 3.5421 3.56711 3.59445 3.62424 3.65662 3.69175 3.72981 3.77101 3.81559 3.8638 3.91594 3.9723 4.03322 4.09905 4.17018 4.24701 4.32997 4.4195 4.51606 4.62015 4.73227 4.85294 4.98268 5.12204 5.27157 5.43182 5.60335 5.78671 5.98245 6.1911 6.4132 6.64925 6.89972 7.16509 7.44576 7.74213 8.05456 8.38332 8.72868 9.09083 9.46992 9.866 10.2791 10.7091 11.156 11.6195 12.0993 12.5951 13.1064 13.6328 14.1736 14.7281 15.2957 15.8755 16.4667 17.0683 17.6792 18.2986 18.9252 19.5579 20.1956 20.837 21.4808 22.126 
12.2047 11.861 11.5179 11.1763 10.8368 10.5002 10.1671 9.8381 9.51395 9.19521 8.88245 8.5762 8.27698 7.98525 7.70143 7.4259 7.15901 6.90104 6.65225 6.41284 6.18298 5.96278 5.75232 5.55163 5.36071 5.17952 5.00799 4.84598 4.69338 4.54999 4.41563 4.29007 4.17307 4.06437 3.9637 3.87076 3.78526 3.70689 3.63534 3.5703 3.51145 3.45849 3.41109 3.36896 3.33181 3.29934 3.27128 3.24736 3.22734 3.21097 3.19803 3.18831 3.18162 3.17779 3.17666 3.17809 3.18197 3.18819 3.19667 3.20736 3.22021 3.23521 3.25236 3.27169 3.29324 3.31709 3.34333 3.37208 3.40348 3.43768 3.47489 3.51532 3.55921 3.60681 3.65843 3.71437 3.77499 3.84063 3.91169 3.98859 4.07175 4.16164 4.25874 4.36354 4.47655 4.59831 4.72937 4.87027 5.02157 5.18385 5.35767 5.54361 5.74221 5.95404 6.17962 6.41948 6.6741 6.94397 7.22951 7.53112 7.84914 8.18391 8.53565 8.90459 9.29085 9.69451 10.1156 10.554 11.0097 11.4823 11.9717 12.4774 12.999 13.536 14.0878 14.6536 15.2328 15.8246 16.4279 17.0419 17.6655 18.2977 18.9373 19.5832 20.2341 20.8888 21.5461 22.2047 
12.2835 11.93 11.5772 11.226 10.8769 10.5307 10.1881 9.84983 9.51644 9.18857 8.86683 8.55177 8.24389 7.94367 7.65155 7.36792 7.09313 6.82747 6.5712 6.32454 6.08764 5.86064 5.6436 5.43657 5.23953 5.05246 4.87525 4.70782 4.54999 4.4016 4.26245 4.13231 4.01093 3.89805 3.79338 3.69662 3.60748 3.52564 3.45077 3.38257 3.3207 3.26486 3.21471 3.16996 3.1303 3.09543 3.06508 3.03896 3.01683 2.99844 2.98356 2.97197 2.96349 2.95793 2.95513 2.95496 2.95728 2.96201 2.96904 2.97834 2.98985 3.00355 3.01946 3.03759 3.058 3.08075 3.10595 3.13371 3.16418 3.19752 3.23393 3.27363 3.31687 3.3639 3.41504 3.4706 3.53093 3.5964 3.66741 3.74438 3.82776 3.91802 4.01563 4.12112 4.23501 4.35783 4.49015 4.63253 4.78555 4.94978 5.12581 5.31422 5.51557 5.73044 5.95937 6.20288 6.4615 6.73568 7.02588 7.3325 7.65591 7.99641 8.35427 8.7297 9.12284 9.53376 9.96248 10.4089 10.873 11.3544 11.8529 12.3681 12.8996 13.4468 14.0091 14.5858 15.1761 15.7792 16.3942 17.0201 17.6558 18.3002 18.9523 19.6107 20.2744 20.9419 21.612 22.2835 
12.3622 11.9994 11.6374 11.2768 10.9185 10.5632 10.2115 9.86425 9.52198 9.18537 8.85501 8.53147 8.21528 7.90693 7.60685 7.31544 7.03307 6.76003 6.49659 6.24297 5.99933 5.7658 5.54246 5.32934 5.12645 4.93373 4.7511 4.57845 4.41563 4.26245 4.11872 3.98419 3.85862 3.74173 3.63323 3.53283 3.44021 3.35504 3.27701 3.20579 3.14105 3.08245 3.02969 2.98243 2.94038 2.90323 2.87069 2.84248 2.81835 2.79803 2.7813 2.76795 2.75776 2.75056 2.74618 2.74448 2.74534 2.74864 2.75431 2.76229 2.77253 2.78501 2.79974 2.81674 2.83606 2.85778 2.882 2.90883 2.93843 2.97096 3.00662 3.04564 3.08827 3.13478 3.18547 3.24068 3.30075 3.36607 3.43704 3.5141 3.5977 3.68831 3.78644 3.8926 4.00733 4.13119 4.26473 4.40854 4.5632 4.72932 4.90747 5.09825 5.30224 5.52003 5.75216 5.99919 6.26161 6.53993 6.8346 7.14602 7.47457 7.82058 8.18429 8.56594 8.96565 9.38352 9.81955 10.2737 10.7458 11.2356 11.7428 12.2671 12.808 13.3649 13.9373 14.5243 15.1253 15.7393 16.3654 17.0026 17.6499 18.3061 18.9701 19.6406 20.3163 20.9961 21.6785 22.3622 
12.4409 12.0692 11.6982 11.3288 10.9617 10.5976 10.2372 9.88129 9.53051 9.1855 8.84688 8.51522 8.19106 7.8749 7.56719 7.26833 6.97868 6.69857 6.42826 6.16797 5.91787 5.67809 5.44871 5.22977 5.02125 4.82313 4.63531 4.45768 4.29007 4.13231 3.98419 3.84547 3.71589 3.59517 3.48302 3.37913 3.28318 3.19485 3.1138 3.03969 2.9722 2.91099 2.85573 2.80609 2.76176 2.72244 2.68782 2.65762 2.63158 2.60945 2.59097 2.57593 2.56412 2.55537 2.54949 2.54635 2.54582 2.54778 2.55216 2.55889 2.56793 2.57925 2.59287 2.60881 2.62711 2.64786 2.67116 2.69712 2.72589 2.75766 2.79263 2.83101 2.87307 2.91909 2.96937 3.02425 3.0841 3.14929 3.22024 3.2974 3.38122 3.47219 3.57082 3.67763 3.79319 3.91803 4.05276 4.19795 4.3542 4.52212 4.7023 4.89536 5.10189 5.32247 5.55768 5.80806 6.07415 6.35642 6.65536 6.97138 7.30486 7.65612 8.02544 8.41302 8.81903 9.24354 9.68655 10.148 10.6278 11.1256 11.6412 12.1742 12.7241 13.2903 13.8723 14.4692 15.0803 15.7047 16.3415 16.9896 17.6479 18.3153 18.9906 19.6726 20.3599 21.0513 21.7455 22.4409 
12.5197 12.1394 11.7599 11.3819 11.0063 10.6338 10.265 9.90088 9.54194 9.18889 8.84235 8.50291 8.17111 7.84746 7.53243 7.22643 6.92983 6.64294 6.36605 6.09937 5.84308 5.59731 5.36215 5.13763 4.92374 4.72045 4.52766 4.34525 4.17307 4.01093 3.85862 3.71589 3.58248 3.4581 3.34246 3.23524 3.13612 3.04477 2.96084 2.88399 2.81388 2.75017 2.69253 2.64063 2.59414 2.55275 2.51615 2.48407 2.45623 2.43236 2.41222 2.39559 2.38225 2.37202 2.36473 2.36023 2.35838 2.35908 2.36224 2.3678 2.3757 2.38594 2.39851 2.41345 2.4308 2.45063 2.47306 2.4982 2.52621 2.55727 2.59158 2.62937 2.67091 2.71647 2.76638 2.82097 2.88061 2.94569 3.01664 3.0939 3.17795 3.26927 3.36839 3.47585 3.59219 3.71801 3.85387 4.00039 4.15816 4.32782 4.50996 4.70521 4.91416 5.13743 5.37558 5.62917 5.89875 6.18482 6.48784 6.80826 7.14644 7.50273 7.87739 8.27066 8.68267 9.11352 9.56321 10.0317 10.5188 11.0243 11.5478 12.0891 12.6476 13.2227 13.8138 14.4202 15.041 15.6753 16.3222 16.9807 17.6495 18.3277 19.0138 19.7068 20.4052 21.1077 21.813 22.5197 
12.5984 12.2099 11.8222 11.4361 11.0523 10.6717 10.295 9.92294 9.55619 9.19543 8.8413 8.4944 8.15529 7.82448 7.50244 7.1896 6.88633 6.59295 6.30975 6.03696 5.77475 5.52326 5.28256 5.0527 4.83367 4.62543 4.42789 4.24092 4.06437 3.89805 3.74173 3.59517 3.4581 3.33024 3.21127 3.10088 2.99873 2.90449 2.81782 2.73835 2.66576 2.59968 2.53978 2.48572 2.43717 2.39382 2.35535 2.32148 2.29192 2.26641 2.2447 2.22657 2.21178 2.20017 2.19154 2.18575 2.18266 2.18217 2.18418 2.18863 2.19547 2.20469 2.21628 2.23027 2.24672 2.2657 2.28732 2.3117 2.33899 2.36939 2.40309 2.44033 2.48138 2.52653 2.57609 2.63041 2.68987 2.75487 2.82583 2.90321 2.98748 3.07916 3.17876 3.28684 3.40396 3.5307 3.66766 3.81546 3.97471 4.14603 4.33005 4.52739 4.73867 4.9645 5.20547 5.46214 5.73507 6.02475 6.33168 6.65629 6.99897 7.36006 7.73983 8.13852 8.55627 8.99317 9.44923 9.92437 10.4185 10.9313 11.4624 12.0116 12.5783 13.1619 13.7618 14.3771 15.0072 15.651 16.3076 16.9759 17.6548 18.3431 19.0396 19.743 20.4519 21.1651 21.8811 22.5984 
12.6772 12.2808 11.8852 11.4913 11.0998 10.7114 10.3271 9.9474 9.57316 9.20501 8.84362 8.48958 8.14346 7.80579 7.47705 7.15765 6.848 6.54842 6.25919 5.98055 5.71267 5.45569 5.20971 4.97474 4.7508 4.53783 4.33575 4.14443 3.9637 3.79338 3.63323 3.48302 3.34246 3.21127 3.08913 2.97571 2.87068 2.7737 2.68441 2.60246 2.5275 2.45916 2.39711 2.34101 2.29051 2.2453 2.20506 2.16949 2.13831 2.11125 2.08805 2.06849 2.05234 2.03941 2.02952 2.02252 2.01827 2.01665 2.01759 2.021 2.02684 2.03509 2.04576 2.05888 2.07448 2.09267 2.11352 2.13719 2.16382 2.1936 2.22674 2.26347 2.30407 2.34884 2.39809 2.45217 2.51147 2.5764 2.64738 2.72489 2.80939 2.90142 3.0015 3.11019 3.22805 3.3557 3.49372 3.64275 3.80341 3.97633 4.16215 4.3615 4.57501 4.8033 5.04696 5.30657 5.58269 5.87584 6.1865 6.51512 6.86209 7.22776 7.61241 8.01627 8.43949 8.88216 9.34429 9.82581 10.3266 10.8463 11.3848 11.9415 12.516 13.1077 13.7158 14.3398 14.9786 15.6315 16.2973 16.975 17.6635 18.3615 19.0679 19.7812 20.5002 21.2235 21.9496 22.6772 
12.7559 12.352 11.9489 11.5475 11.1485 10.7528 10.3611 9.97416 9.59275 9.21754 8.84919 8.48831 8.13549 7.79125 7.45609 7.13043 6.81467 6.50915 6.21415 5.92991 5.65661 5.3944 5.14335 4.90351 4.67487 4.45738 4.25096 4.05548 3.87076 3.69662 3.53283 3.37913 3.23524 3.10088 2.97571 2.85941 2.75164 2.65205 2.56027 2.47595 2.39874 2.32826 2.26418 2.20613 2.15378 2.10681 2.06488 2.02771 1.995 1.96647 1.94187 1.92097 1.90353 1.88936 1.87829 1.87014 1.86479 1.86212 1.86204 1.86448 1.86938 1.87674 1.88655 1.89884 1.91366 1.93109 1.95125 1.97425 2.00026 2.02946 2.06208 2.09835 2.13854 2.18296 2.23192 2.2858 2.34496 2.40984 2.48086 2.5585 2.64324 2.73562 2.83616 2.94544 3.06404 3.19255 3.3316 3.48181 3.64383 3.81828 4.00583 4.20711 4.42276 4.65339 4.89963 5.16206 5.44123 5.73768 6.05191 6.38435 6.73542 7.10546 7.49476 7.90355 8.33199 8.78016 9.24808 9.73568 10.2428 10.7692 11.3146 11.8784 12.4604 13.0597 13.6759 14.308 14.9552 15.6166 16.2912 16.9779 17.6755 18.3828 19.0986 19.8214 20.55 21.2829 22.0187 22.7559 
12.8346 12.4235 12.0132 11.6046 11.1985 10.7957 10.397 10.0031 9.61486 9.23289 8.85788 8.49046 8.13122 7.7807 7.43939 7.10774 6.78614 6.47494 6.17442 5.88482 5.60635 5.33912 5.08324 4.83873 4.60561 4.38381 4.17324 3.97378 3.78526 3.60748 3.44021 3.28318 3.13612 2.99873 2.87068 2.75164 2.64126 2.53918 2.44504 2.35847 2.27912 2.20661 2.14059 2.0807 2.02661 1.97796 1.93445 1.89575 1.86159 1.83168 1.80576 1.78358 1.76493 1.7496 1.73741 1.7282 1.72182 1.71816 1.71712 1.71864 1.72267 1.72919 1.73819 1.74971 1.7638 1.78054 1.80004 1.82242 1.84786 1.87654 1.90868 1.94451 1.98433 2.02843 2.07714 2.13083 2.18988 2.25473 2.3258 2.40358 2.48856 2.58128 2.68229 2.79214 2.91145 3.0408 3.18084 3.3322 3.49551 3.67145 3.86065 4.06378 4.28146 4.51435 4.76305 5.02817 5.31026 5.60987 5.92749 6.26358 6.61856 6.99277 7.3865 7.79999 8.2334 8.68683 9.16026 9.65364 10.1668 10.6995 11.2515 11.8222 12.4112 13.0179 13.6416 14.2815 14.9367 15.6063 16.2893 16.9845 17.6908 18.4069 19.1316 19.8634 20.6011 21.3432 22.0882 22.8346 
12.9134 12.4954 12.0782 11.6627 11.2498 10.8402 10.4347 10.0342 9.63939 9.25094 8.86956 8.49588 8.1305 7.77397 7.42678 7.0894 6.76221 6.44557 6.13978 5.84507 5.56163 5.28962 5.02911 4.78015 4.54274 4.31682 4.1023 3.89905 3.70689 3.52564 3.35504 3.19485 3.04477 2.90449 2.7737 2.65205 2.53918 2.43473 2.33835 2.24965 2.16827 2.09383 2.02597 1.96434 1.90858 1.85836 1.81334 1.77322 1.73768 1.70647 1.6793 1.65593 1.63614 1.61971 1.60647 1.59625 1.5889 1.58432 1.58239 1.58306 1.58627 1.592 1.60025 1.61105 1.62446 1.64056 1.65945 1.68126 1.70617 1.73436 1.76605 1.8015 1.84097 1.88479 1.93327 1.9868 2.04576 2.11059 2.18173 2.25966 2.34489 2.43795 2.5394 2.64982 2.76981 2.89999 3.04098 3.19343 3.35801 3.53536 3.72615 3.93104 4.15068 4.38572 4.63678 4.90446 5.18934 5.49196 5.81283 6.1524 6.51111 6.88929 7.28725 7.70522 8.14337 8.60179 9.08048 9.57937 10.0983 10.6371 11.1953 11.7725 12.3683 12.9819 13.6128 14.2601 14.9229 15.6003 16.2913 16.9946 17.7091 18.4336 19.1668 19.9073 20.6536 21.4044 22.1581 22.9134 
12.9921 12.5675 12.1437 11.7217 11.3022 10.8861 10.4742 10.0674 9.66624 9.27159 8.88411 8.50444 8.13318 7.7709 7.41809 7.07522 6.74268 6.42085 6.11 5.8104 5.52223 5.24564 4.98072 4.7275 4.48599 4.25613 4.03784 3.83096 3.63534 3.45077 3.27701 3.1138 2.96084 2.81782 2.68441 2.56027 2.44504 2.33835 2.23983 2.1491 2.06579 1.98953 1.91993 1.85665 1.79932 1.7476 1.70116 1.65968 1.62286 1.59041 1.56207 1.53757 1.51671 1.49925 1.48503 1.47386 1.46561 1.46016 1.4574 1.45727 1.45972 1.46472 1.47227 1.48241 1.49518 1.51068 1.529 1.55029 1.57471 1.60246 1.63375 1.66883 1.708 1.75156 1.79984 1.85323 1.91212 1.97695 2.04816 2.12625 2.21173 2.30513 2.40703 2.518 2.63866 2.76962 2.91153 3.06505 3.23083 3.40954 3.60185 3.80844 4.02995 4.26705 4.52036 4.79049 5.07803 5.38353 5.70749 6.05039 6.41265 6.79462 7.19661 7.61885 8.06152 8.5247 9.00839 9.51254 10.037 10.5814 11.1456 11.7291 12.3312 12.9515 13.5893 14.2436 14.9137 15.5985 16.297 17.008 17.7304 18.4629 19.2041 19.9528 20.7074 21.4664 22.2285 22.9921 
